200
200
200
176.10224302944013
163.36768346279504
108.67382389517726
110.43550153822818
119.47384651043926
94.08506789071261
84.581321815162
112.0446339634344
195.5019181491578
200
200
199.0
136.7186892857008
102.48902380255166
79.40403012442127
101.24228365658294
89.67719888578144
106.56922632730333
108.90362712049586
141.7391971192161
200
178.27226368675525
183.02458851203573
139.17614738165446
132.00378782444085
117.06835610018618
85.98837130682264
93.60555539069249
107.5174404457249
148.18906842274163
200
200
165.97891432347663
140.22838514366484
122.67436570041843
80.91971329657564
70.26378868236469
67.00746227100382
79.62411694957753
114.33722053644648
200
156.46724896923317
195.72429588581997
200
142.42541907960108
150.05332385522155
124.57929201917949
76.53757247260981
62.93647591023825
54.00925846556311
56.79788728465171
88.09086218218096
200
200
116.1077086157504
200
198.022725968511
140.28898745090436
154.31461369552787
98.03060746521976
79.90619500389191
91.0823802938856
108.664621657649
102.9271587094485
132.60844618650805
200
194.03092537015846
200
173.64907140552177
124.19742348374221
71.25307010929424
57.55866572463264
43.04648650006177
200
172.18594600024707
200
112.64102272262978
200
175.025712396779
140.06427096158393
120.28299963003916
78.10249675906654
200
200
200
200
124.31009613060397
200
200
200
200
200
157.53729717117784
177.48521065147935
73.97972695272672
101.92153844992725
111.94641575325224
111.08555261599052
124.14507642270796
90.82400563727631
108.00462953040486
165.92166826548
200
200
200
180.27756377319946
195.86985475054604
107.56393447619885
168.34488409215172
92.04890004774636
131.9280106724876
200
101.82828683622247
200
200
153.70751445521458
100.30453628824571
70.34912934784623
76.32168761236873
102.9271587094485
90.6697303403953
100.56838469419701
93.33809511662427
200
157.2800050864699
123.8587905640936
88.32326986700618
120.37026210821342
65.45991139621256
102.1077861869505
80.39900496896712
93.81364506296512
168.07438829280326
200
149.75313018431368
110.11357772772621
110.8873302050329
113.81124724736128
200
167.5857989210303
105.75916035975324
73.54590403278758
156.20819440733575
200
200
200
200
200
200
197.69926656414282
158.61904047118682
105.07616285342742
52.88667128870941
37.48332962798263
33.24154027718932
154.0
200
145.34441853748632
200
200
200
200
65.00769185258002
122.53978945632312
200
200
200
200
200
200
145.34441853748632
199.80490484470096
104.00480758118829
197.44872752185566
200
125.8729518204765
200
200
200
151.33076356114773
126.08727136392476
200
200
200
119.55333537798099
200
123.47064428438041
65.25335240430181
156.31058825300352
111.04053313993049
80.99382692526635
54.817880294662984
40.311288741492746
32.984845004941285
31.76476034853718
37.53664875824692
154.0
200
145.34441853748632
200
200
200
200
65.00769185258002
122.53978945632312
200
200
200
200
200
200
145.34441853748632
199.80490484470096
104.00480758118829
197.44872752185566
200
125.8729518204765
200
200
200
151.33076356114773
126.08727136392476
200
200
200
119.55333537798099
200
123.47064428438041
65.25335240430181
156.31058825300352
111.04053313993049
80.99382692526635
54.817880294662984
40.311288741492746
32.984845004941285
31.76476034853718
37.53664875824692
145.0
200
93.49331526906082
200
118.84864324004712
109.04127658827184
101.40019723846694
131.06105447462264
200
200
105.01904589168576
200
120.2538980657176
154.5639026422405
164.4506004853737
109.55363982999378
77.69813382572325
99.32270636667126
91.54780172128658
125.54282137979854
200
106.04244433244644
158.90248582070703
145.0
200
93.49331526906082
200
118.84864324004712
109.04127658827184
101.40019723846694
131.06105447462264
200
200
105.01904589168576
200
120.2538980657176
154.5639026422405
164.4506004853737
109.55363982999378
77.69813382572325
99.32270636667126
91.54780172128658
125.54282137979854
200
106.04244433244644
158.90248582070703
145.0
200
93.49331526906082
200
118.84864324004712
109.04127658827184
101.40019723846694
131.06105447462264
200
200
105.01904589168576
200
120.2538980657176
154.5639026422405
164.4506004853737
109.55363982999378
77.69813382572325
99.32270636667126
91.54780172128658
125.54282137979854
200
175.32826355154492
125.54282137979854
72.2357252334328
200
200
200
134.46560898608982
59.413803110051795
38.948684188300895
24.698178070456937
145.0
200
93.49331526906082
200
118.84864324004712
109.04127658827184
101.40019723846694
131.06105447462264
200
200
105.01904589168576
200
120.2538980657176
154.5639026422405
164.4506004853737
109.55363982999378
77.69813382572325
99.32270636667126
91.54780172128658
125.54282137979854
200
175.6843760839307
125.54282137979854
72.2357252334328
200
200
200
181.6865432551349
132.5481044753187
83.86298349093002
78.84795495128583
89.44271909999159
136.01470508735443
185.23768515072737
148.93287078412206
160.00312496948303
115.2128465059344
88.58893836140041
200
200
200
96.62815324738438
119.03780911962384
200
136.19104228986575
200
157.29272074701996
173.7728402253931
169.29559947027565
104.80935072788114
80.60397012554654
75.6042326857432
101.07423014794622
200
174.13213373757299
96.02083107326243
112.78741064498288
89.28605714219886
104.1393297462587
93.23089616645332
136.1800279042415
176.2980430974774
158.39823231336896
100.42410069301094
82.29216244576394
125.00399993600205
200
179.7804216259379
119.94165248152953
81.83520025025906
61.84658438426491
46.010868281309364
32.55764119219941
32.2490309931942
43.01162633521314
36.345563690772494
145.0
200
93.49331526906082
200
118.84864324004712
109.04127658827184
101.40019723846694
131.06105447462264
200
200
105.01904589168576
200
120.2538980657176
154.5639026422405
164.4506004853737
109.55363982999378
77.69813382572325
99.32270636667126
91.54780172128658
125.54282137979854
200
175.6843760839307
125.54282137979854
72.2357252334328
200
200
200
181.6865432551349
132.5481044753187
83.86298349093002
78.84795495128583
89.44271909999159
136.01470508735443
185.23768515072737
148.93287078412206
160.00312496948303
115.2128465059344
88.58893836140041
200
200
200
96.62815324738438
119.03780911962384
200
136.19104228986575
200
157.29272074701996
173.7728402253931
169.29559947027565
104.80935072788114
80.60397012554654
75.6042326857432
101.07423014794622
200
174.13213373757299
96.02083107326243
112.78741064498288
89.28605714219886
104.1393297462587
93.23089616645332
136.1800279042415
176.2980430974774
158.39823231336896
100.42410069301094
82.29216244576394
125.00399993600205
200
179.7804216259379
119.94165248152953
81.83520025025906
61.84658438426491
46.010868281309364
32.55764119219941
32.2490309931942
43.01162633521314
36.345563690772494
121.0
185.60711193270586
200
160.01562423713506
197.56770991232347
193.2097306038182
122.3315167894194
143.7810835958611
71.8679344353238
107.67079455451233
154.00324671902212
108.50345616615168
200
200
68.30812543175226
195.16147160748713
129.6919426949878
74.96665925596525
117.78370006074695
189.16923639957952
91.41115905621152
154.27572718998928
132.5028301584536
81.43709228600933
114.97825881443848
79.92496481075234
127.76932339180638
93.02150289046077
151.28780519261954
65.80273550544841
130.23056476879765
155.43809056984713
65.11528238439882
88.88756943465155
107.20074626605917
120.7683733433551
127.01574705523721
194.48650338776724
141.54857823376398
92.9623579735368
64.51356446515724
200
103.46496991735899
108.77959367454909
200
200
200
200
183.02458851203573
200
131.24404748406687
133.4541119636259
128.47178678604885
88.61715409558128
79.07591289387686
63.631753079732135
51.31276644267
121.0
185.60711193270586
200
160.01562423713506
197.56770991232347
193.2097306038182
122.3315167894194
143.7810835958611
71.8679344353238
107.67079455451233
154.00324671902212
108.50345616615168
200
200
68.30812543175226
195.16147160748713
129.6919426949878
74.96665925596525
117.78370006074695
189.16923639957952
91.41115905621152
154.27572718998928
132.5028301584536
81.43709228600933
114.97825881443848
79.92496481075234
127.76932339180638
93.02150289046077
151.28780519261954
65.80273550544841
130.23056476879765
155.43809056984713
65.11528238439882
88.88756943465155
107.20074626605917
120.7683733433551
127.01574705523721
194.48650338776724
141.54857823376398
92.9623579735368
64.51356446515724
200
103.46496991735899
108.77959367454909
200
200
200
200
183.02458851203573
200
131.24404748406687
133.4541119636259
128.47178678604885
88.61715409558128
79.07591289387686
63.631753079732135
51.31276644267
121.0
185.60711193270586
200
160.01562423713506
197.56770991232347
193.2097306038182
122.3315167894194
143.7810835958611
71.8679344353238
107.67079455451233
155.2707313050338
108.50345616615168
133.64505228402584
82.03657720797473
84.11896337925236
91.7877987534291
115.66330446602328
80.60397012554654
200
83.74365647617735
158.60012610335465
123.79418403139947
120.90492132250036
59.481089431852205
65.00769185258002
115.03912377969506
147.13938969562162
61.032778078668514
106.17438485811914
143.28293687665675
63.06346010171025
94.72592042308166
139.40229553346674
103.47946656221224
147.3295625460145
200
141.42842712835352
121.0
185.60711193270586
200
160.01562423713506
197.56770991232347
193.2097306038182
122.3315167894194
143.7810835958611
71.8679344353238
107.67079455451233
155.2707313050338
108.50345616615168
133.64505228402584
82.03657720797473
84.11896337925236
91.7877987534291
115.66330446602328
80.60397012554654
200
83.74365647617735
158.60012610335465
123.79418403139947
120.90492132250036
59.481089431852205
65.00769185258002
115.03912377969506
147.13938969562162
61.032778078668514
106.17438485811914
143.28293687665675
63.06346010171025
94.72592042308166
139.40229553346674
103.47946656221224
146.4137971640651
200
152.47294842036735
88.95504482602435
95.2102935611481
115.36463929644994
200
200
200
200
200
189.71821209362056
153.80507143784303
131.5750736271882
117.13667231059623
81.30190649671138
67.4166151627327
55.80322571321482
49.49747468305833
132.0
200
200
200
195.47378340841516
95.44108130150245
59.07622195096772
68.59300255857006
102.77159140540736
132.0
200
200
194.06442229321684
135.63554106501732
90.44335243676011
73.40980860893181
58.412327466040935
47.16990566028302
132.0
200
200
200
187.41664813991312
185.31055015837603
156.18578680533003
128.09761902549164
89.80534505250787
113.99122773266372
103.58571330062848
200
76.32168761236873
135.36986370680884
185.930094390338
126.75172582651489
70.26378868236469
55.569775957799216
45.967379738244816
132.0
200
200
200
187.41664813991312
185.31055015837603
156.18578680533003
128.09761902549164
89.80534505250787
113.99122773266372
103.58571330062848
200
76.32168761236873
135.36986370680884
200
200
168.88457596832222
114.93476410555685
59.682493245507096
46.57252408878007
200
200
200
200
200
200
200
200
200
200
200
200
200
200
200
200
200
200
200
200
198.022725968511
150.02999700059985
100.04498987955368
44.28317965096906
200
200
200
200
200
112.8716084761797
200
200
200
200
176.7766952966369
200
200
50.44799302251776
200
200
200
200
200
112.8716084761797
200
200
200
200
176.7766952966369
200
200
50.44799302251776
200
192.35384061671346
200
190.37331745809337
172.6759971738979
200
152.16109883935513
200
200
200
200
200
140.2069898400219
103.4456378974
65.79513659838392
200
200
169.01183390520322
123.10970717209915
71.16881339463234
107.56393447619885
200
200
200
200
158.3161394173064
99.53893710503444
65.60487786742691
74.24957912338628
85.00588214941364
74.04052944165107
63.97655820689325
50.53711507397311
200
192.35384061671346
200
190.37331745809337
172.6759971738979
200
152.16109883935513
200
200
200
200
200
140.2069898400219
103.4456378974
65.79513659838392
200
200
169.01183390520322
123.10970717209915
71.16881339463234
107.56393447619885
200
200
200
200
158.3161394173064
99.53893710503444
65.60487786742691
74.24957912338628
85.00588214941364
74.04052944165107
63.97655820689325
50.53711507397311
200
192.35384061671346
200
190.37331745809337
172.6759971738979
200
152.16109883935513
200
200
200
200
200
140.2069898400219
103.4456378974
65.79513659838392
200
200
169.01183390520322
123.10970717209915
71.16881339463234
107.56393447619885
200
200
200
200
158.3161394173064
99.53893710503444
65.60487786742691
74.24957912338628
85.00588214941364
74.04052944165107
63.97655820689325
50.53711507397311
161.0
193.49676999888138
116.10340218959993
122.20065466273084
108.07404868885037
94.36630754670864
80.2807573457052
100.12492197250393
161.0
193.49676999888138
116.10340218959993
122.20065466273084
108.07404868885037
94.36630754670864
80.2807573457052
100.12492197250393
100.64790112068906
200
180.5103875127412
197.3448757885545
114.5294721894762
113.54734695271397
117.37972567696688
86.83893136145792
200
200
200
188.09837851507388
200
165.0605949341029
122.71104269787622
200
99.62429422585637
200
198.84164553734712
140.57738082636197
200
106.92053123698928
161.91973320136123
59.30430001273095
80.99382692526635
111.03603018840326
51.73973328110612
54.230987451824994
70.11419257183242
81.00617260431454
121.01652779682617
73.49829930005184
200
200
200
200
200
200
200
178.2133552795637
126.38433447227548
146.696966567138
200
91.78235124467012
153.7693077307692
109.73149046650191
64.35060217278468
48.83646178829912
161.0
193.49676999888138
116.10340218959993
122.20065466273084
108.07404868885037
94.36630754670864
80.2807573457052
100.12492197250393
100.64790112068906
200
180.5103875127412
197.3448757885545
114.5294721894762
113.54734695271397
117.37972567696688
86.83893136145792
200
200
200
188.09837851507388
200
165.0605949341029
122.71104269787622
200
99.62429422585637
200
198.84164553734712
140.57738082636197
200
106.92053123698928
161.91973320136123
59.30430001273095
80.99382692526635
111.03603018840326
51.73973328110612
54.230987451824994
70.11419257183242
81.00617260431454
121.01652779682617
73.49829930005184
200
200
200
200
200
200
200
178.2133552795637
126.38433447227548
146.696966567138
200
84.52810183601665
128.06248474865697
87.5956619930462
108.18964830333815
47.75981574503821
32.89376840679705
161.0
193.49676999888138
116.10340218959993
122.20065466273084
108.07404868885037
94.36630754670864
80.2807573457052
100.12492197250393
100.64790112068906
200
180.5103875127412
197.3448757885545
114.5294721894762
113.54734695271397
117.37972567696688
86.83893136145792
200
200
200
188.09837851507388
200
165.0605949341029
122.71104269787622
200
99.62429422585637
200
198.84164553734712
140.57738082636197
200
106.92053123698928
161.91973320136123
59.30430001273095
80.99382692526635
111.03603018840326
51.73973328110612
54.230987451824994
70.11419257183242
81.00617260431454
121.01652779682617
73.49829930005184
200
200
200
200
200
200
200
178.2133552795637
104.69479452198185
167.0359242797788
196.6214637317096
88.81441324469807
139.47401191619892
104.21612159354233
73.60027173862879
85.42247947700886
94.02127418834527
84.09518416651456
96.04686356149273
161.0
193.49676999888138
116.10340218959993
122.20065466273084
108.07404868885037
94.36630754670864
80.2807573457052
100.12492197250393
100.64790112068906
200
180.5103875127412
197.3448757885545
114.5294721894762
113.54734695271397
117.37972567696688
86.83893136145792
200
200
200
188.09837851507388
200
165.0605949341029
122.71104269787622
200
99.62429422585637
200
198.84164553734712
140.57738082636197
200
106.92053123698928
161.91973320136123
59.30430001273095
80.99382692526635
111.03603018840326
51.73973328110612
54.230987451824994
70.11419257183242
80.1311425102625
107.41508273980894
200
200
200
177.68511473953018
147.38385257551113
102.04410811016969
81.68843247363729
108.90821823902914
98.2700361249552
120.2538980657176
99.90495483208028
200
200
200
177.68511473953018
147.38385257551113
102.04410811016969
81.68843247363729
108.90821823902914
98.2700361249552
114.80853626799707
182.4636950190366
200
200
200
181.3394606807906
200
200
200
177.68511473953018
147.38385257551113
102.04410811016969
81.68843247363729
108.90821823902914
98.2700361249552
114.80853626799707
182.4636950190366
200
200
200
181.3394606807906
63.324560795950255
48.82622246293481
200
200
200
177.68511473953018
147.38385257551113
102.04410811016969
81.68843247363729
108.90821823902914
98.2700361249552
114.80853626799707
182.4636950190366
200
165.42067585401773
109.32977636490436
55.90169943749474
53.009433122794285
80.1311425102625
200
200
200
158.90248582070703
85.14693182963201
82.85529554590944
58.034472514187634
45.0111097397076
200
200
200
177.68511473953018
147.38385257551113
102.04410811016969
81.68843247363729
108.90821823902914
98.2700361249552
114.80853626799707
182.4636950190366
200
165.42067585401773
109.32977636490436
55.90169943749474
53.009433122794285
80.1311425102625
200
200
200
158.90248582070703
200
49.24428900898052
200
149.40214188558343
122.77621919573839
200
56.60388679233962
39.35733730830886
200
200
200
177.68511473953018
147.38385257551113
102.04410811016969
81.68843247363729
108.90821823902914
98.2700361249552
114.80853626799707
182.4636950190366
200
165.42067585401773
109.32977636490436
55.90169943749474
53.009433122794285
80.1311425102625
200
200
200
158.90248582070703
200
49.24428900898052
200
149.40214188558343
122.77621919573839
200
71.34423592694787
54.589376255824725
41.677331968349414
200
200
200
177.68511473953018
147.38385257551113
102.04410811016969
81.68843247363729
108.90821823902914
98.2700361249552
114.80853626799707
182.4636950190366
200
165.42067585401773
109.32977636490436
55.90169943749474
53.009433122794285
80.1311425102625
200
200
200
158.90248582070703
200
49.24428900898052
200
149.40214188558343
122.77621919573839
200
200
200
200
200
177.68511473953018
147.38385257551113
102.04410811016969
81.68843247363729
108.90821823902914
98.2700361249552
114.80853626799707
182.4636950190366
200
165.42067585401773
109.32977636490436
55.90169943749474
53.009433122794285
80.1311425102625
200
200
200
158.90248582070703
200
49.24428900898052
200
149.40214188558343
122.77621919573839
200
200
198.64792976520042
148.86235252742716
100.84641788382967
49.24428900898052
200
145.15164484083533
200
150.2131818450032
123.0
69.63476143421474
94.64142856064674
156.08010763707205
71.28113354878694
200
192.67589366602144
188.51259904844557
200
133.4053971921676
125.31959144523253
55.08175741568164
54.91812087098393
57.201398584300364
89.47066558375433
140.1748907615055
86.28441342444185
85.7962703152066
99.03534722511958
200
164.0
93.34345183246653
87.66413177577246
111.73182178770737
191.3243319601561
200
200
155.05160431288675
107.22872749408155
46.238512086787566
200
145.15164484083533
200
150.2131818450032
123.0
69.63476143421474
94.64142856064674
156.08010763707205
71.28113354878694
200
192.67589366602144
188.51259904844557
200
133.4053971921676
125.31959144523253
55.08175741568164
54.91812087098393
57.201398584300364
89.47066558375433
140.1748907615055
86.28441342444185
85.7962703152066
99.03534722511958
200
164.0
93.34345183246653
87.66413177577246
111.73182178770737
191.3243319601561
200
180.60177186284747
140.05713120009278
84.2140130857092
86.53900854527974
106.21675950620975
200
140.42791745233566
200
200
200
160.22796260328596
154.7384890710776
82.97590011563598
84.40379138403677
93.72299611087985
117.6860229593982
138.74076545846214
155.23208431248997
195.82900704441107
113.28283188550682
104.69479452198185
86.31338250816034
158.02847844613325
97.16995420396162
132.13629327327143
79.0
83.19254774317228
118.69709347747316
200
145.15164484083533
200
150.2131818450032
123.0
69.63476143421474
94.64142856064674
156.08010763707205
71.28113354878694
200
192.67589366602144
188.51259904844557
200
133.4053971921676
125.31959144523253
55.08175741568164
54.91812087098393
57.201398584300364
89.47066558375433
140.1748907615055
86.28441342444185
85.7962703152066
99.03534722511958
200
164.0
93.34345183246653
87.66413177577246
111.73182178770737
191.3243319601561
200
180.60177186284747
140.05713120009278
84.2140130857092
86.53900854527974
106.21675950620975
200
140.42791745233566
200
200
200
160.22796260328596
154.7384890710776
82.97590011563598
84.40379138403677
93.72299611087985
116.77756633874505
138.74076545846214
156.20499351813308
200
128.41339493993607
130.64838307457157
118.1905241548577
156.7322557739791
100.84641788382967
102.17631819555841
91.30169768410661
112.4144118874444
200
200
200
185.129684275645
137.11673858431726
111.01801655587259
74.4043009509531
71.58910531638176
72.03471385380801
87.32124598286491
161.05899540230592
200
200
200
200
200
177.02259742756007
129.1239714383042
76.02631123499285
62.80127387243033
52.92447448959697
200
145.15164484083533
200
150.2131818450032
123.0
69.63476143421474
94.64142856064674
156.08010763707205
71.28113354878694
200
192.67589366602144
188.51259904844557
200
133.4053971921676
125.31959144523253
55.08175741568164
54.91812087098393
57.201398584300364
89.47066558375433
140.1748907615055
86.28441342444185
85.7962703152066
99.03534722511958
200
164.0
93.34345183246653
87.66413177577246
111.73182178770737
191.3243319601561
200
180.60177186284747
140.05713120009278
84.2140130857092
86.53900854527974
106.21675950620975
200
140.42791745233566
200
200
200
160.22796260328596
154.7384890710776
82.97590011563598
84.40379138403677
93.72299611087985
116.77756633874505
138.74076545846214
156.20499351813308
200
128.41339493993607
130.64838307457157
118.1905241548577
156.7322557739791
100.84641788382967
102.17631819555841
91.30169768410661
112.4144118874444
200
200
200
185.129684275645
137.11673858431726
111.01801655587259
74.4043009509531
71.58910531638176
72.03471385380801
87.32124598286491
161.05899540230592
200
200
200
200
200
177.02259742756007
129.1239714383042
76.02631123499285
62.80127387243033
52.92447448959697
200
145.15164484083533
200
150.2131818450032
123.0
69.63476143421474
94.64142856064674
156.08010763707205
71.28113354878694
200
192.67589366602144
188.51259904844557
200
133.4053971921676
125.31959144523253
55.08175741568164
54.91812087098393
57.201398584300364
89.47066558375433
140.1748907615055
86.28441342444185
85.7962703152066
99.03534722511958
200
164.0
93.34345183246653
87.66413177577246
111.73182178770737
191.3243319601561
200
180.60177186284747
140.05713120009278
84.2140130857092
86.53900854527974
106.21675950620975
200
140.42791745233566
200
200
200
160.22796260328596
154.7384890710776
82.97590011563598
84.40379138403677
93.72299611087985
116.77756633874505
138.74076545846214
156.20499351813308
200
128.41339493993607
130.64838307457157
118.1905241548577
156.7322557739791
100.84641788382967
102.17631819555841
91.30169768410661
112.4144118874444
200
200
200
185.129684275645
137.11673858431726
111.01801655587259
74.4043009509531
71.58910531638176
72.03471385380801
87.32124598286491
161.05899540230592
200
200
200
200
200
177.02259742756007
129.1239714383042
76.02631123499285
62.80127387243033
52.92447448959697
200
145.15164484083533
200
150.2131818450032
123.0
69.63476143421474
94.64142856064674
156.08010763707205
71.28113354878694
200
192.67589366602144
188.51259904844557
200
133.4053971921676
125.31959144523253
55.08175741568164
54.91812087098393
57.201398584300364
89.47066558375433
140.1748907615055
86.28441342444185
85.7962703152066
99.03534722511958
200
164.0
93.34345183246653
87.66413177577246
111.73182178770737
191.3243319601561
200
180.60177186284747
140.05713120009278
84.2140130857092
86.53900854527974
106.21675950620975
200
140.42791745233566
200
200
200
160.22796260328596
154.7384890710776
82.97590011563598
84.40379138403677
93.72299611087985
116.77756633874505
138.74076545846214
156.20499351813308
200
128.41339493993607
130.64838307457157
118.1905241548577
156.7322557739791
100.84641788382967
102.17631819555841
91.30169768410661
112.4144118874444
200
200
200
185.129684275645
137.11673858431726
111.01801655587259
74.4043009509531
71.58910531638176
72.03471385380801
87.32124598286491
161.05899540230592
200
200
200
200
200
177.02259742756007
129.1239714383042
76.02631123499285
62.80127387243033
52.92447448959697
200
200
183.61372497719228
200
157.20368952413298
111.23398761170077
123.1665539016173
200
162.30834852218786
200
158.24032355881985
200
200
200
200
200
200
200
200
200
200
145.98630072715727
104.80935072788114
70.83784299369935
74.09453421137081
88.20430828479978
103.4456378974
126.82665335015349
200
152.12166183683374
200
200
200
200
200
200
200
160.04999218994044
200
160.22484201895784
200
123.84667940643382
137.7534028617805
150.0
146.26346091898688
176.32356620712955
92.84934033152847
155.8621185535472
200
200
200
200
200
200
200
200
200
200
200
192.67589366602144
200
141.6827441857335
182.5212316416915
200
185.82787734890587
200
196.74348782107123
186.68690366493306
138.0
87.20665112249179
73.0
59.413803110051795
45.89117562233506
200
200
183.61372497719228
200
157.20368952413298
111.23398761170077
123.1665539016173
200
162.30834852218786
200
158.24032355881985
200
200
200
200
200
200
200
200
200
200
145.98630072715727
104.80935072788114
70.83784299369935
74.09453421137081
88.20430828479978
103.4456378974
126.82665335015349
200
152.12166183683374
200
200
200
200
200
200
200
160.04999218994044
200
160.22484201895784
200
123.84667940643382
137.7534028617805
150.0
146.26346091898688
176.32356620712955
92.84934033152847
155.8621185535472
200
200
200
200
200
200
200
200
200
200
200
192.67589366602144
200
141.6827441857335
182.5212316416915
200
185.82787734890587
200
196.74348782107123
186.68690366493306
138.0
87.20665112249179
73.0
59.413803110051795
45.89117562233506
200
200
183.61372497719228
200
157.20368952413298
111.23398761170077
123.1665539016173
200
162.30834852218786
200
158.24032355881985
200
200
200
200
200
200
200
200
200
200
183.61372497719228
200
157.20368952413298
111.23398761170077
123.1665539016173
200
162.30834852218786
200
158.24032355881985
200
200
200
200
200
200
200
200
200
200
145.98630072715727
104.80935072788114
70.83784299369935
74.09453421137081
88.20430828479978
103.4456378974
126.82665335015349
200
152.12166183683374
200
200
200
200
200
200
200
160.04999218994044
200
160.22484201895784
200
123.84667940643382
137.7534028617805
150.0
146.26346091898688
176.32356620712955
92.84934033152847
