49.70046123366359
54.57900241402791
47.252847225815124
55.650396130464465
49.265470435750316
81.26349352451734
76.16202720475341
72.62463868766217
69.20073100582417
79.62557874032844
75.44805757871885
52.92975198662121
58.44554536324096
47.57881956552429
52.97532555386471
43.3954284401116
24.915997605545517
26.69214802679029
23.24955191803505
23.68137336753191
17.175517749806147
17.631347156375472
44.961599538882666
36.965799162252836
56.987273036019374
50.898439260132974
78.43362310448406
68.86010931302656
65.88574599355738
67.84011301193102
77.97946316172897
83.9497418980762
57.31078071114077
55.741233342924474
52.75946613650295
44.51305305770329
28.256445260895983
37.43554473886641
40.29215931899044
36.41432430425641
27.892818897855534
10.019181013649085
23.366339585778924
50.62322166574296
33.486647244231094
59.334071345837884
45.303546209876345
79.89998909218764
67.36123064870272
58.383258040721536
56.59818942356249
60.23490877955391
69.73414969110758
86.11368872646813
85.54361114352095
60.93218832203487
36.03259271274862
70.52445468968749
47.6715855061412
51.175991987532576
19.470240811384826
51.54775355896859
28.475467079863815
28.683122588564313
25.093771097896912
19.283279087731884
13.179130842311992
36.89331771199724
51.95164966721952
42.89710482315692
46.10760820367011
54.646708828025076
45.55514795543121
58.06528374270229
47.09248103541821
52.98251952294909
51.32918383815448
62.99044368544575
38.671776539192024
64.5717486513795
48.86933673557218
52.09050644186778
58.36409562825584
51.59873258545328
79.0592453799546
58.28965536666273
45.04903848291485
56.423743055237054
37.23253208636924
72.12802547437636
48.14445753595844
47.99551293508533
47.931908016320165
55.11627142014974
45.54597380451269
62.750093578041515
34.76898166147649
81.45802923641307
82.90535271819198
80.354686884906
75.48250929536603
75.1980725486972
76.26983851472494
82.97282515680946
57.93234278736877
49.8844917422768
57.21191163639473
52.785730357428285
43.216643668068826
54.96961437151729
33.893441974632196
54.3508095147929
10.620631914315208
34.31400206910132
59.043527062394105
21.36195342204645
41.99512700442163
53.318965792513424
50.397740851371026
29.324690296260144
29.429660846890155
24.629132632668522
23.26213189330472
25.796234192324185
19.877349516593398
33.31489711616877
49.04003584881986
52.71777013330123
54.974354928007806
79.44167223559268
49.76829589739612
81.45646267323754
58.716154020890954
84.04125342898722
82.68550369680307
50.93468204686747
74.81696193051295
45.4781284838209
17.80470743797323
40.81295046146099
26.4685734308804
47.46642615380964
54.67654926133616
13.413674087924429
10.247045822843116
35.36371669977678
58.2906244262433
44.206079752268266
47.581570616428465
50.112339080474925
48.05106865109222
49.13588930937988
46.93490004927432
40.28811717817006
60.50216033699339
47.29593582659905
49.009461594290364
48.63534784973206
88.02215872752511
42.326978574909575
87.69062654729294
76.51986490175648
42.27184425589452
62.31230213455173
61.60657409354293
78.99365400602538
79.27571838884684
51.5840534116728
55.38945481579444
49.76084098704579
49.856124812051114
46.372328206606134
53.61037556102909
32.302434675305825
55.23253623058488
29.993591869892757
42.832839995678356
55.13638029836818
34.66700410473503
57.84586478324556
32.43480179366075
69.94241179780636
16.427346553151665
36.346763764649815
43.07724579628248
46.27242427277342
60.40248632804511
23.061060527031724
28.88263297415856
47.13418752753986
67.64422833411543
68.32121060725954
47.38924333920713
38.88242373343762
37.367948243825346
46.7073949938236
41.025893962976056
37.756701498669145
38.88763395594218
88.02215872752511
42.326978574909575
87.69062654729294
76.51986490175648
42.27184425589452
62.31230213455173
61.60657409354293
78.99365400602538
79.27571838884684
51.5840534116728
55.38945481579444
49.76084098704579
49.856124812051114
46.372328206606134
53.61037556102909
32.302434675305825
55.23253623058488
29.993591869892757
42.832839995678356
55.13638029836818
34.66700410473503
57.84586478324556
32.43480179366075
69.94241179780636
16.427346553151665
36.346763764649815
43.07724579628248
46.27242427277342
60.40248632804511
23.061060527031724
28.88263297415856
47.13418752753986
67.64422833411543
68.32121060725954
47.38924333920713
38.88242373343762
37.367948243825346
46.7073949938236
41.025893962976056
37.756701498669145
38.88763395594218
73.48385771895352
53.499371904050896
24.588489203760425
37.43873343161211
79.54801218368756
79.61285976458373
83.04387718393342
72.32794095649214
43.31278682091262
64.89132861274953
19.965481657917532
29.734166091056387
77.49574553213372
77.51990860507954
45.77992556391469
71.20515356373632
70.9228840711853
79.15544160080697
90.65900665065513
80.96987267195378
80.36242876137739
45.320698814325326
68.75433213293272
73.48385771895352
53.499371904050896
24.588489203760425
37.43873343161211
79.54801218368756
79.61285976458373
83.04387718393342
72.32794095649214
43.31278682091262
64.89132861274953
19.965481657917532
29.734166091056387
77.49574553213372
77.51990860507954
45.77992556391469
71.20515356373632
70.9228840711853
79.15544160080697
90.65900665065513
80.96987267195378
80.36242876137739
45.320698814325326
68.75433213293272
73.48385771895352
53.499371904050896
24.588489203760425
37.43873343161211
79.54801218368756
79.61285976458373
83.04387718393342
72.32794095649214
43.31278682091262
64.89132861274953
19.965481657917532
29.734166091056387
77.49574553213372
77.51990860507954
45.77992556391469
71.20515356373632
70.9228840711853
79.15544160080697
90.02144251519782
81.76154118907236
80.67102584620417
50.982495895504975
48.398960538038764
33.18477095964258
40.966273533584015
49.53460290899544
81.5478894145107
47.5412001955707
47.70406401754155
44.49212050338164
38.11362440413492
73.48385771895352
53.499371904050896
24.588489203760425
37.43873343161211
79.54801218368756
79.61285976458373
83.04387718393342
72.32794095649214
43.31278682091262
64.89132861274953
19.965481657917532
29.734166091056387
77.49574553213372
77.51990860507954
45.77992556391469
71.20515356373632
70.9228840711853
79.15544160080697
90.69179308609364
81.76154118907236
80.92937864287282
50.982495895504975
48.398960538038764
31.76086200564324
40.966273533584015
48.770915378041096
82.40583585726417
44.91576689335947
44.313280897065496
40.15281864029556
29.59335508768644
18.789776584618902
16.956174350139477
48.953717366556845
19.996423416012963
48.198402852602996
12.101248565054334
24.280386532599735
43.715915208445765
54.499481574773746
31.30556863561434
82.31130333959676
72.43882568820837
50.80500137047786
36.5058945673297
49.011580506618145
80.41773229636098
70.66513998597759
42.83077281437489
66.56659676378663
67.8043928644986
84.50879211810432
79.68049948462007
73.30421356838512
57.059088800641796
25.210791491053914
24.058436386705566
28.758437920636347
21.7858859719356
18.48516412622037
17.977314146770393
40.107596718497106
53.15921717589938
19.579438876159426
16.920133435266674
44.99142202041089
38.93130866515804
61.70061260738067
35.73667889893755
61.36839549214649
57.427457449313465
57.3099148227625
61.2722931117265
64.53625064976178
68.9749941315052
67.93450597364384
73.48385771895352
53.499371904050896
24.588489203760425
37.43873343161211
79.54801218368756
79.61285976458373
83.04387718393342
72.32794095649214
43.31278682091262
64.89132861274953
19.965481657917532
29.734166091056387
77.49574553213372
77.51990860507954
45.77992556391469
71.20515356373632
70.9228840711853
79.15544160080697
90.69179308609364
81.76154118907236
80.92937864287282
50.982495895504975
48.398960538038764
31.76086200564324
40.966273533584015
48.770915378041096
82.40583585726417
44.91576689335947
44.313280897065496
40.15281864029556
29.59335508768644
18.789776584618902
16.956174350139477
48.953717366556845
19.996423416012963
48.198402852602996
12.101248565054334
24.280386532599735
43.715915208445765
54.499481574773746
31.30556863561434
82.31130333959676
72.43882568820837
50.80500137047786
36.5058945673297
49.011580506618145
80.41773229636098
70.66513998597759
42.83077281437489
66.56659676378663
67.8043928644986
84.50879211810432
79.68049948462007
73.30421356838512
57.059088800641796
25.210791491053914
24.058436386705566
28.758437920636347
21.7858859719356
18.48516412622037
17.977314146770393
40.107596718497106
53.15921717589938
19.579438876159426
16.920133435266674
44.99142202041089
38.93130866515804
61.70061260738067
35.73667889893755
61.36839549214649
57.427457449313465
57.3099148227625
61.2722931117265
64.53625064976178
68.9749941315052
67.93450597364384
73.6091930394875
57.25420901463101
46.00918836676349
56.708964178149735
54.91013279979224
46.880471202222914
63.03012951095284
45.23544144438443
84.88692706242865
90.62568791263953
50.396012168791636
81.14751630277628
50.0354884680007
69.85601491695702
34.489870894376516
9.504897297320436
75.48409104190787
62.483017840357995
69.434700390918
42.18582707882781
85.38176849960786
55.100670891176996
50.35536293033755
81.90493023003646
54.678281871337155
84.67964089775836
52.79196211654807
86.30371050434441
46.19251380246356
86.27565438014528
68.64801595940878
37.29002937697095
77.06465726957889
84.36324168932127
61.52784656919174
57.64901583940167
58.831338586514136
56.97357453672845
45.27788896633866
57.67503279990444
65.51841142167866
80.74282673569049
31.370733482359572
33.672623623584066
49.53141801918315
51.66702254396983
47.68759840931625
62.731987830864526
37.63432415968107
60.85822251350056
41.376166464744635
41.147196033681276
39.56202708215986
45.18898631414195
49.307575435961766
51.367292737806544
52.79874824302445
73.6091930394875
57.25420901463101
46.00918836676349
56.708964178149735
54.91013279979224
46.880471202222914
63.03012951095284
45.23544144438443
84.88692706242865
90.62568791263953
50.396012168791636
81.14751630277628
50.0354884680007
69.85601491695702
34.489870894376516
9.504897297320436
75.48409104190787
62.483017840357995
69.434700390918
42.18582707882781
85.38176849960786
55.100670891176996
50.35536293033755
81.90493023003646
54.678281871337155
84.67964089775836
52.79196211654807
86.30371050434441
46.19251380246356
86.27565438014528
68.64801595940878
37.29002937697095
77.06465726957889
84.36324168932127
61.52784656919174
57.64901583940167
58.831338586514136
56.97357453672845
45.27788896633866
57.67503279990444
65.51841142167866
80.74282673569049
31.370733482359572
33.672623623584066
49.53141801918315
51.66702254396983
47.68759840931625
62.731987830864526
37.63432415968107
60.85822251350056
41.376166464744635
41.147196033681276
39.56202708215986
45.18898631414195
49.307575435961766
51.367292737806544
52.79874824302445
73.6091930394875
57.25420901463101
46.00918836676349
56.708964178149735
54.91013279979224
46.880471202222914
63.03012951095284
45.23544144438443
84.88692706242865
85.90340579323941
50.396012168791636
81.19075849362795
50.0354884680007
69.56723716859544
69.45788076906622
81.20962032146362
52.06433720105807
76.79937474978307
59.552451357480884
16.38934833405691
46.508506921960425
20.18650862726875
52.87694008239509
22.82364389687362
15.300782930730668
36.73074972303365
57.04688556585813
13.066947325691423
30.49324999634523
56.325983686966644
16.65168336867809
8.78219781369577
47.78636729183411
17.623512031072355
46.80613850121002
42.28297039164293
42.57285367270876
73.6091930394875
57.25420901463101
46.00918836676349
56.708964178149735
54.91013279979224
46.880471202222914
63.03012951095284
45.23544144438443
84.88692706242865
85.90340579323941
50.396012168791636
81.19075849362795
50.0354884680007
69.56723716859544
69.45788076906622
81.20962032146362
52.06433720105807
76.79937474978307
59.552451357480884
16.38934833405691
46.508506921960425
20.18650862726875
52.87694008239509
22.82364389687362
15.300782930730668
36.73074972303365
57.04688556585813
13.066947325691423
30.49324999634523
56.325983686966644
16.65168336867809
8.78219781369577
47.78636729183411
14.530825534312262
46.80613850121002
42.28297039164293
42.0896276271939
77.46070018732418
89.40565745409117
67.74072443545855
48.39039349094998
51.02250199374792
54.56942666766141
51.568447077818654
50.358211761709455
48.47722504556659
46.32099783507995
43.00285478913183
32.34147119792764
49.9407862741292
52.202344395277215
54.76311582900802
56.18715637792794
69.35705259847286
40.23191856677967
56.343635436442916
42.900080541089224
74.66061050120108
49.44739368704676
33.24428856568693
38.867174220653716
42.8685144448977
69.35705259847286
40.23191856677967
56.343635436442916
42.900080541089224
74.66061050120108
51.36465215026795
50.072669155512735
46.529105482507525
40.22655970238707
69.35705259847286
40.23191856677967
56.343635436442916
42.900080541089224
80.7430609580399
65.75902725009549
60.00123908700022
62.00185161050199
68.49146398723764
79.48953839502035
72.17480231639527
66.0936755298805
22.67456341086109
24.27093825088811
32.18493271234418
44.54279497962986
52.766467004294576
58.37258904924757
65.31790705991139
69.35705259847286
40.23191856677967
56.343635436442916
42.900080541089224
80.7430609580399
65.75902725009549
60.00123908700022
62.00185161050199
68.49146398723764
80.17333539612923
72.17480231639527
65.95854861714498
21.110436334373162
18.381448746835733
24.025307335204218
39.56561913145109
46.125661773467584
48.7720177792234
53.79793291154876
58.85303969010112
90.22347666459376
84.03517422900974
77.10259249270246
57.47544341149362
48.26868191628132
51.66467586667996
49.23503607007079
50.82870106452492
49.66584947203415
50.35706356960095
49.951841393474545
50.22140240806841
49.883858669286276
50.290149218828546
56.03895905284679
53.405877845539564
39.36877056101217
58.15689143938581
44.065375566065505
48.54354940109505
50.77305753405795
50.295439523030375
51.719894270106984
55.518766821917346
90.22347666459376
77.94387407569066
63.11131596887003
82.89520102502789
40.18307236175861
40.37466828999889
18.442887816185607
76.76102840008592
56.40943345534357
51.84362107290737
74.55839160594992
47.371416248689115
29.29140518912808
56.29543306785558
90.22347666459376
77.94387407569066
63.11131596887003
82.89520102502789
40.18307236175861
40.37466828999889
18.442887816185607
76.76102840008592
56.40943345534357
51.84362107290737
74.55839160594992
47.371416248689115
29.29140518912808
56.29543306785558
90.22347666459376
62.67178364870775
78.41782922651936
73.63575298466543
63.07795639511811
57.53841196667497
12.170094033483592
28.048077717541407
49.30535083674918
22.14237324527682
69.62826812993801
32.08428020472267
53.4967549858232
52.63629020234031
87.13102330737217
87.03896973923466
67.5502051834484
44.46258530139073
36.269634906036984
15.874872163768034
16.974863731792798
40.28566697736892
78.7722532046765
39.03121356942314
57.882900148722975
51.921362030509556
40.5995818582575
30.944132242767
30.741845620182243
40.25705603371677
44.859074524684694
49.603245036410016
48.45112633833978
90.22347666459376
62.67178364870775
78.41782922651936
73.63575298466543
63.07795639511811
57.53841196667497
12.170094033483592
28.048077717541407
49.30535083674918
22.14237324527682
69.62826812993801
32.08428020472267
53.4967549858232
52.63629020234031
87.13102330737217
87.03896973923466
67.5502051834484
44.46258530139073
36.269634906036984
15.874872163768034
16.974863731792798
40.28566697736892
78.7722532046765
39.03121356942314
57.882900148722975
51.921362030509556
40.5995818582575
30.944132242767
30.741845620182243
40.25705603371677
44.859074524684694
49.603245036410016
48.45112633833978
90.22347666459376
62.67178364870775
78.41782922651936
73.63575298466543
63.07795639511811
57.53841196667497
12.170094033483592
28.048077717541407
49.30535083674918
22.14237324527682
69.62826812993801
32.08428020472267
53.4967549858232
52.63629020234031
87.13102330737217
87.03896973923466
67.5502051834484
44.46258530139073
36.269634906036984
15.874872163768034
16.974863731792798
40.28566697736892
78.7722532046765
39.03121356942314
57.882900148722975
51.921362030509556
40.5995818582575
30.944132242767
30.741845620182243
40.25705603371677
44.859074524684694
49.603245036410016
48.45112633833978
62.88721440770456
43.9754771476116
78.39462138719243
58.75494209706745
73.63906726434058
70.71818303613881
72.74855378477663
83.30126395042048
62.88721440770456
43.9754771476116
78.39462138719243
58.75494209706745
73.63906726434058
70.71818303613881
72.74855378477663
85.38804250115659
71.00449448885395
55.00211788392916
39.92231768277899
57.48633727632081
17.743940367362033
15.350929947263307
44.06869949188824
34.88019678907142
50.988419493381855
43.518277792506204
56.44214307867555
39.77205250564446
59.34266134212663
32.50830509787654
67.94109729929646
34.51409985003952
75.22025172392884
49.75207953365791
50.28334645142258
37.1237713303871
62.293933705894105
32.766455504046874
64.11340189887086
18.23391881778915
19.72158417150889
52.30981738104904
25.297469067962176
24.557415104444573
19.92071899187128
11.582845916981578
49.25008245565853
21.531561805828503
40.291646298096914
59.57922211046098
40.46475490251579
58.49736592898834
41.50263407101168
60.501098561486415
38.41796846905139
63.961847939665425
29.450668884378214
67.69291247966116
31.574313175094275
82.75456165862309
52.11732646037688
68.76531088673669
51.837315010713056
51.15723228673864
62.88721440770456
43.9754771476116
78.39462138719243
58.75494209706745
73.63906726434058
70.71818303613881
72.74855378477663
85.38804250115659
71.00449448885395
55.00211788392916
39.92231768277899
57.48633727632081
17.743940367362033
15.350929947263307
44.06869949188824
34.88019678907142
50.988419493381855
43.518277792506204
56.44214307867555
39.77205250564446
59.34266134212663
32.50830509787654
67.94109729929646
34.51409985003952
75.22025172392884
49.75207953365791
50.28334645142258
37.1237713303871
62.293933705894105
32.766455504046874
64.11340189887086
18.23391881778915
19.72158417150889
52.30981738104904
25.297469067962176
24.557415104444573
19.92071899187128
11.582845916981578
49.25008245565853
21.531561805828503
40.291646298096914
59.57922211046098
40.46475490251579
58.49736592898834
41.50263407101168
60.501098561486415
38.41796846905139
63.961847939665425
29.450668884378214
67.69291247966116
31.574313175094275
82.75456165862309
52.11732646037688
73.30914485157365
67.69401533018231
50.48395460938893
50.72035900710843
62.88721440770456
43.9754771476116
78.39462138719243
58.75494209706745
73.63906726434058
70.71818303613881
72.74855378477663
85.38804250115659
71.00449448885395
55.00211788392916
39.92231768277899
57.48633727632081
17.743940367362033
15.350929947263307
44.06869949188824
34.88019678907142
50.988419493381855
43.518277792506204
56.44214307867555
39.77205250564446
59.34266134212663
32.50830509787654
67.94109729929646
34.51409985003952
75.22025172392884
49.75207953365791
50.28334645142258
37.1237713303871
62.293933705894105
32.766455504046874
64.11340189887086
18.23391881778915
19.72158417150889
52.30981738104904
25.297469067962176
24.557415104444573
19.92071899187128
11.582845916981578
49.25008245565853
21.531561805828503
40.291646298096914
59.57922211046098
40.46475490251579
58.49736592898834
41.50263407101168
60.501098561486415
38.41796846905139
68.1773241306097
31.098104981752957
61.2366708826369
39.268117332002035
83.6187084744009
54.737431973606846
56.69330239345925
73.61079886847801
71.27696434722745
70.15869264505021
70.65130225896374
28.0316422725703
62.88721440770456
43.9754771476116
78.39462138719243
58.75494209706745
73.63906726434058
70.71818303613881
72.74855378477663
85.38804250115659
71.00449448885395
55.00211788392916
39.92231768277899
57.48633727632081
17.743940367362033
15.350929947263307
44.06869949188824
34.88019678907142
50.988419493381855
43.518277792506204
56.44214307867555
39.77205250564446
59.34266134212663
32.50830509787654
67.94109729929646
34.51409985003952
75.22025172392884
49.75207953365791
50.28334645142258
37.1237713303871
62.293933705894105
32.766455504046874
64.11340189887086
18.23391881778915
19.72158417150889
52.30981738104904
25.297469067962176
24.93347226629719
20.924097194408034
11.527339223185233
49.25008245565853
55.76722060333579
51.13752631101436
49.8068318557384
54.209783746218314
52.47100635036134
72.29719507541101
74.21123782772032
80.27495163796483
66.07436664385955
55.71246361980078
51.772048931555496
55.76722060333579
51.13752631101436
49.8068318557384
54.209783746218314
52.47100635036134
72.29719507541101
74.21123782772032
80.27495163796483
83.02559433665945
78.74608141575186
57.12176356298406
50.12200052716095
52.92975198662121
50.8885346536531
63.33973204193844
55.76722060333579
51.13752631101436
49.8068318557384
54.209783746218314
52.47100635036134
72.29719507541101
74.21123782772032
80.27495163796483
83.02559433665945
78.74608141575186
57.12176356298406
50.12200052716095
52.92975198662121
50.8885346536531
63.33973204193844
62.149893095623334
43.35138299274613
55.76722060333579
51.13752631101436
49.8068318557384
54.209783746218314
52.47100635036134
72.29719507541101
74.21123782772032
80.27495163796483
83.02559433665945
78.74608141575186
57.12176356298406
50.12200052716095
52.92975198662121
49.0901315015027
13.055452039682214
6.217867655113961
32.06007676191732
49.77594230628114
77.35523232316825
50.58007324729628
23.915088647844478
62.149311402904985
23.64663390496955
51.80660975959658
44.90852884089576
55.76722060333579
51.13752631101436
49.8068318557384
54.209783746218314
52.47100635036134
72.29719507541101
74.21123782772032
80.27495163796483
83.02559433665945
78.74608141575186
57.12176356298406
50.12200052716095
52.92975198662121
49.0901315015027
13.055452039682214
6.217867655113961
32.06007676191732
49.77594230628114
77.35523232316825
50.58007324729628
23.915088647844478
62.149311402904985
36.74695597261828
29.920087119757987
52.44193230592332
75.46785616693505
73.4682097625155
47.40870832645092
75.25598466485927
55.76722060333579
51.13752631101436
49.8068318557384
54.209783746218314
52.47100635036134
72.29719507541101
74.21123782772032
80.27495163796483
83.02559433665945
78.74608141575186
57.12176356298406
50.12200052716095
52.92975198662121
49.0901315015027
13.055452039682214
6.160896321448333
32.06007676191732
49.77594230628114
77.35523232316825
50.58007324729628
23.915088647844478
62.149311402904985
36.74695597261828
29.920087119757987
52.44193230592332
86.26112664022531
76.35336609503044
48.892177940133735
50.820624361535344
76.75821352658869
55.76722060333579
51.13752631101436
49.8068318557384
54.209783746218314
52.47100635036134
72.29719507541101
74.21123782772032
80.27495163796483
83.02559433665945
78.74608141575186
57.12176356298406
50.12200052716095
52.92975198662121
49.0901315015027
13.055452039682214
6.160896321448333
32.06007676191732
49.77594230628114
77.35523232316825
50.58007324729628
23.915088647844478
62.149311402904985
36.74695597261828
29.920087119757987
52.44193230592332
86.26112664022531
76.35336609503044
48.892177940133735
55.76722060333579
51.13752631101436
49.8068318557384
54.209783746218314
52.47100635036134
72.29719507541101
74.21123782772032
80.27495163796483
83.02559433665945
78.74608141575186
57.12176356298406
50.12200052716095
52.92975198662121
49.0901315015027
13.055452039682214
6.160896321448333
32.06007676191732
49.77594230628114
77.35523232316825
50.58007324729628
23.915088647844478
62.149311402904985
36.74695597261828
29.920087119757987
52.44193230592332
86.26112664022531
76.35336609503044
48.892177940133735
51.09252821736405
45.708741814007986
43.49589436995263
43.762549801612714
39.0028185092146
65.43744670310008
47.31677822767186
55.47209853741795
50.18606282459611
82.20189796219223
90.11763594683899
45.62635180112753
81.43797644896482
60.978434521095664
37.03012937092888
64.02597813431491
32.85598240235662
64.5637465315698
34.596786319112745
70.74501653675512
76.71745865768624
81.06476968786141
81.23351770476546
49.11011044277672
73.58955031320735
82.01342436567298
65.94591404495971
52.17067850785936
60.97946033662907
19.850190917352098
18.962583041067532
16.01414269048601
37.82253651075902
55.06341465882669
44.76798772046038
52.62807272216796
32.1892571902977
28.861510877525404
39.0028185092146
65.43744670310008
47.31677822767186
55.47209853741795
50.18606282459611
82.20189796219223
90.11763594683899
45.62635180112753
81.43797644896482
60.978434521095664
37.03012937092888
64.02597813431491
32.85598240235662
64.5637465315698
34.596786319112745
70.74501653675512
76.71745865768624
81.06476968786141
81.23351770476546
49.11011044277672
73.58955031320735
82.01342436567298
65.94591404495971
52.17067850785936
60.97946033662907
19.850190917352098
18.962583041067532
16.01414269048601
37.82253651075902
55.06341465882669
44.76798772046038
52.62807272216796
32.41344700059226
20.359005681323982
32.11498988116394
50.69704716924058
34.39269717712605
62.60079042580421
36.41651819168141
63.530567765507826
35.31799044431151
66.65896176419106
29.186843385581884
26.452663145381056
16.161152006018494
43.19978388646697
33.39324350738313
61.24341007043077
41.80553342152508
83.15074151743794
79.74653206990253
80.08052909823341
49.012451519022406
70.15011019849867
48.591957853900105
75.3221305617667
87.1768998638845
30.691788309162643
39.0028185092146
65.43744670310008
47.31677822767186
55.47209853741795
50.18606282459611
82.20189796219223
90.11763594683899
45.62635180112753
81.43797644896482
60.978434521095664
37.03012937092888
64.02597813431491
32.85598240235662
64.5637465315698
34.596786319112745
70.74501653675512
76.71745865768624
81.06476968786141
81.23351770476546
49.11011044277672
73.58955031320735
82.01342436567298
65.94591404495971
52.17067850785936
60.97946033662907
19.850190917352098
18.962583041067532
16.01414269048601
37.82253651075902
55.06341465882669
44.76798772046038
52.62807272216796
32.41344700059226
20.359005681323982
32.11498988116394
50.69704716924058
34.39269717712605
62.60079042580421
36.41651819168141
63.530567765507826
35.31799044431151
66.65896176419106
29.186843385581884
26.452663145381056
15.174115516527186
43.19978388646697
33.39324350738313
61.24341007043077
41.80553342152508
84.60221617031836
80.97077045094876
76.93993441686814
49.42155504029044
79.62111183412779
78.67074167441572
87.81151643921125
74.61163052059722
60.320426977906294
43.180962372329475
48.18872080592883
49.38122098062079
28.68208353422045
38.929453226072106
36.18433263878392
31.40156909320317
22.013988530474542
10.158518723528054
39.08524743414697
49.507804554709764
47.24295143178232
53.38032616169996
45.588730872664115
53.93073971801669
41.5380348208684
53.31764702847071
46.077616819638116
42.29831294383104
46.08195482797658
39.0028185092146
65.43744670310008
47.31677822767186
55.47209853741795
50.18606282459611
82.20189796219223
90.11763594683899
45.62635180112753
81.43797644896482
60.978434521095664
37.03012937092888
64.02597813431491
32.85598240235662
64.5637465315698
34.596786319112745
70.74501653675512
76.71745865768624
81.06476968786141
81.23351770476546
49.11011044277672
73.58955031320735
82.01342436567298
65.94591404495971
52.17067850785936
60.97946033662907
19.850190917352098
18.962583041067532
16.01414269048601
37.82253651075902
55.06341465882669
44.76798772046038
52.62807272216796
32.41344700059226
20.359005681323982
32.11498988116394
50.69704716924058
34.39269717712605
62.60079042580421
36.41651819168141
63.530567765507826
35.31799044431151
66.65896176419106
29.186843385581884
26.452663145381056
15.174115516527186
43.19978388646697
33.39324350738313
61.24341007043077
41.80553342152508
84.60221617031836
80.97077045094876
76.93993441686814
49.42155504029044
79.62111183412779
78.67074167441572
87.81151643921125
74.61163052059722
60.320426977906294
43.180962372329475
48.18872080592883
49.38122098062079
28.68208353422045
38.929453226072106
36.18433263878392
31.40156909320317
22.013988530474542
10.158518723528054
39.08524743414697
49.507804554709764
47.24295143178232
53.38032616169996
45.588730872664115
53.93073971801669
41.5380348208684
53.31764702847071
46.077616819638116
42.29831294383104
46.08195482797658
39.0028185092146
65.43744670310008
47.31677822767186
55.47209853741795
50.18606282459611
82.20189796219223
90.11763594683899
45.62635180112753
81.43797644896482
60.978434521095664
37.03012937092888
64.02597813431491
32.85598240235662
64.5637465315698
34.596786319112745
70.74501653675512
76.71745865768624
81.06476968786141
81.23351770476546
49.11011044277672
73.58955031320735
82.01342436567298
65.94591404495971
52.17067850785936
60.97946033662907
19.850190917352098
18.962583041067532
16.01414269048601
37.82253651075902
55.06341465882669
44.76798772046038
52.62807272216796
32.41344700059226
20.359005681323982
32.11498988116394
50.69704716924058
34.39269717712605
62.60079042580421
36.41651819168141
63.530567765507826
35.31799044431151
66.65896176419106
29.186843385581884
26.452663145381056
15.174115516527186
43.19978388646697
33.39324350738313
61.24341007043077
41.80553342152508
84.60221617031836
80.97077045094876
76.93993441686814
49.42155504029044
79.62111183412779
78.67074167441572
87.81151643921125
74.61163052059722
60.320426977906294
43.180962372329475
48.18872080592883
49.38122098062079
28.68208353422045
38.929453226072106
36.18433263878392
31.40156909320317
22.013988530474542
10.158518723528054
39.08524743414697
49.507804554709764
47.24295143178232
53.38032616169996
45.588730872664115
53.93073971801669
41.5380348208684
53.31764702847071
46.077616819638116
42.29831294383104
46.08195482797658
39.0028185092146
65.43744670310008
47.31677822767186
55.47209853741795
50.18606282459611
82.20189796219223
90.11763594683899
45.62635180112753
81.43797644896482
60.978434521095664
37.03012937092888
64.02597813431491
32.85598240235662
64.5637465315698
34.596786319112745
70.74501653675512
76.71745865768624
81.06476968786141
81.23351770476546
49.11011044277672
73.58955031320735
82.01342436567298
65.94591404495971
52.17067850785936
60.97946033662907
19.850190917352098
18.962583041067532
16.01414269048601
37.82253651075902
55.06341465882669
44.76798772046038
52.62807272216796
32.41344700059226
20.359005681323982
32.11498988116394
50.69704716924058
34.39269717712605
62.60079042580421
36.41651819168141
63.530567765507826
35.31799044431151
66.65896176419106
29.186843385581884
26.452663145381056
15.174115516527186
43.19978388646697
33.39324350738313
61.24341007043077
41.80553342152508
84.60221617031836
80.97077045094876
76.93993441686814
49.42155504029044
79.62111183412779
78.67074167441572
87.81151643921125
74.61163052059722
60.320426977906294
43.180962372329475
48.18872080592883
49.38122098062079
28.68208353422045
38.929453226072106
36.18433263878392
31.40156909320317
22.013988530474542
10.158518723528054
39.08524743414697
49.507804554709764
47.24295143178232
53.38032616169996
45.588730872664115
53.93073971801669
41.5380348208684
53.31764702847071
46.077616819638116
42.29831294383104
46.08195482797658
54.17364792130406
48.780169518988814
59.14449998605956
49.98075689259553
51.2509395781274
86.31408758629314
65.08891077259888
46.51479135192169
58.994329267136145
45.331222388755904
60.13898437210145
46.02690204876735
56.7316413107805
46.716034148421194
56.45097875480979
42.5952568714291
50.95272673837639
50.766376824032626
51.94962176308904
54.62389063629767
48.29839033236529
53.06604722392054
68.52276031425032
65.85935090265446
70.6363735767507
78.76770027875864
92.50523442800015
63.644870480373356
47.373447145626145
71.22222922040592
46.46700308670934
51.30871167481281
46.193370248854364
48.47626407371384
51.07039297318942
44.66102082391874
56.679637501004024
18.29966935952393
51.139257820671034
19.552389820823702
56.569811109519826
21.63696306692221
22.42563884634206
22.824485170398866
16.36518919325417
55.34355924517541
7.668271656608003
30.98626781238705
54.58435836782994
43.67582301547792
54.3324482138902
44.52770293329619
50.53846460394611
48.584087959820046
55.764593975696336
44.953854009753165
51.992377103184104
40.59733092141802
55.39855709186796
13.860570945423708
60.580782383292714
17.73689678853675
34.37657407387408
58.39803539614225
36.42058378020221
53.34497933251205
42.71344647140464
47.571943297728644
48.065047844856295
52.01906265106909
46.32795040365634
47.68264192201633
47.5645767708193
54.17364792130406
48.780169518988814
59.14449998605956
49.98075689259553
51.2509395781274
86.31408758629314
65.08891077259888
46.51479135192169
58.994329267136145
45.331222388755904
60.13898437210145
46.02690204876735
56.7316413107805
46.716034148421194
56.45097875480979
42.5952568714291
50.95272673837639
50.766376824032626
51.94962176308904
54.62389063629767
48.29839033236529
53.06604722392054
68.52276031425032
65.85935090265446
70.6363735767507
78.76770027875864
92.50523442800015
63.644870480373356
47.373447145626145
71.22222922040592
46.46700308670934
51.30871167481281
46.193370248854364
48.47626407371384
51.07039297318942
44.66102082391874
56.679637501004024
18.29966935952393
51.139257820671034
19.552389820823702
56.569811109519826
21.63696306692221
22.42563884634206
22.824485170398866
16.36518919325417
55.34355924517541
7.668271656608003
30.98626781238705
54.58435836782994
43.67582301547792
54.3324482138902
44.52770293329619
50.53846460394611
48.584087959820046
55.764593975696336
44.953854009753165
51.992377103184104
40.59733092141802
55.39855709186796
13.860570945423708
60.580782383292714
17.73689678853675
34.37657407387408
58.39803539614225
36.42058378020221
53.34497933251205
42.71344647140464
47.571943297728644
48.065047844856295
52.01906265106909
46.32795040365634
47.68264192201633
47.5645767708193
54.17364792130406
48.780169518988814
59.14449998605956
49.98075689259553
51.2509395781274
86.31408758629314
65.08891077259888
46.51479135192169
58.994329267136145
45.331222388755904
60.13898437210145
46.02690204876735
56.7316413107805
46.716034148421194
56.45097875480979
42.5952568714291
50.95272673837639
50.766376824032626
51.94962176308904
54.17364792130406
48.780169518988814
59.14449998605956
49.98075689259553
51.2509395781274
86.31408758629314
65.08891077259888
46.51479135192169
58.994329267136145
45.331222388755904
60.13898437210145
46.02690204876735
56.7316413107805
46.716034148421194
56.45097875480979
42.5952568714291
50.95272673837639
50.766376824032626
51.94962176308904
54.62389063629767
48.29839033236529
53.06604722392054
68.52276031425032
65.85935090265446
70.6363735767507
78.76770027875864
92.50523442800015
63.644870480373356
47.373447145626145
71.22222922040592
46.46700308670934
51.30871167481281
46.193370248854364
48.47626407371384
51.07039297318942
44.66102082391874
56.679637501004024
18.29966935952393
51.139257820671034
19.552389820823702
56.569811109519826
21.63696306692221
22.42563884634206
22.824485170398866
16.36518919325417
55.34355924517541
7.668271656608003
