50.29953876633642
45.42099758597209
52.74715277418487
44.34960386953554
50.73452956424968
18.736506475482653
23.837972795246586
27.37536131233784
30.79926899417582
20.37442125967157
24.551942421281144
47.07024801337877
41.55445463675903
52.4211804344757
47.02467444613529
56.604571559888406
75.08400239445449
73.30785197320971
76.75044808196495
76.31862663246808
82.82448225019385
82.36865284362453
55.038400461117334
63.034200837747164
43.01272696398063
49.101560739867026
21.566376895515933
31.139890686973434
34.114254006442614
32.15988698806899
22.020536838271028
16.050258101923806
42.68921928885922
44.25876665707552
47.24053386349704
55.48694694229672
71.74355473910401
62.56445526113358
59.70784068100955
63.58567569574359
72.10718110214448
89.98081898635091
76.63366041422108
49.37677833425705
66.5133527557689
40.66592865416212
54.69645379012365
20.100010907812372
32.6387693512973
41.616741959278464
43.40181057643751
39.765091220446095
30.265850308892432
13.88631127353187
14.45638885647905
39.067811677965125
63.9674072872514
29.475545310312526
52.3284144938588
48.82400801246744
80.52975918861516
48.45224644103139
71.52453292013618
71.31687741143568
74.90622890210308
80.71672091226812
86.820869157688
63.10668228800276
48.04835033278048
57.10289517684308
53.89239179632988
45.353291171974924
54.4448520445688
41.9347162572977
52.90751896458178
47.01748047705092
48.67081616184552
37.00955631455426
61.32822346080797
35.4282513486205
51.13066326442781
47.909493558132226
41.63590437174417
48.40126741454671
20.940754620045382
41.71034463333727
54.95096151708515
43.576256944762946
62.767467913630774
27.871974525623635
51.85554246404156
52.00448706491468
52.06809198367983
44.883728579850256
54.45402619548731
37.24990642195848
65.23101833852351
18.54197076358694
17.094647281808008
19.645313115094
24.51749070463398
24.80192745130279
23.730161485275055
17.02717484319055
42.067657212631225
50.115508257723185
42.78808836360527
47.21426964257171
56.78335633193119
45.03038562848271
66.10655802536782
45.6491904852071
89.37936808568479
65.68599793089868
40.9564729376059
78.63804657795355
58.00487299557836
46.681034207486576
49.60225914862896
70.67530970373986
70.57033915310984
75.37086736733147
76.73786810669529
74.20376580767582
80.12265048340659
66.68510288383122
50.959964151180145
47.28222986669877
45.025645071992194
20.558327764407313
50.231704102603885
18.543537326762447
41.28384597910905
15.958746571012783
17.314496303196943
49.06531795313252
25.183038069487054
54.521871516179104
82.19529256202676
59.18704953853901
73.5314265691196
52.53357384619035
45.32345073866383
86.58632591207558
89.75295417715688
64.63628330022321
41.7093755737567
55.79392024773173
52.41842938357154
49.887660919525075
51.94893134890778
50.864110690620116
53.065099950725674
59.71188282182994
39.497839663006616
52.70406417340095
50.99053840570963
51.36465215026795
11.97784127247489
57.673021425090425
12.309373452707058
23.480135098243526
57.72815574410547
37.68769786544828
38.393425906457075
21.00634599397463
20.724281611153163
48.41594658832721
44.61054518420556
50.23915901295421
50.143875187948886
53.62767179339387
46.389624438970905
67.69756532469418
44.76746376941512
70.00640813010723
57.167160004321644
44.86361970163182
65.33299589526496
42.15413521675443
67.56519820633925
30.057588202193646
83.57265344684834
63.65323623535019
56.92275420371752
53.72757572722658
39.5975136719549
76.93893947296829
71.11736702584143
52.86581247246014
32.355771665884575
31.678789392740455
52.61075666079288
61.11757626656238
62.63205175617466
53.2926050061764
58.97410603702395
62.24329850133087
61.11236604405782
11.97784127247489
57.673021425090425
12.309373452707058
23.480135098243526
57.72815574410547
37.68769786544828
38.393425906457075
21.00634599397463
20.724281611153163
48.41594658832721
44.61054518420556
50.23915901295421
50.143875187948886
53.62767179339387
46.389624438970905
67.69756532469418
44.76746376941512
70.00640813010723
57.167160004321644
44.86361970163182
65.33299589526496
42.15413521675443
67.56519820633925
30.057588202193646
83.57265344684834
63.65323623535019
56.92275420371752
53.72757572722658
39.5975136719549
76.93893947296829
71.11736702584143
52.86581247246014
32.355771665884575
31.678789392740455
52.61075666079288
61.11757626656238
62.63205175617466
53.2926050061764
58.97410603702395
62.24329850133087
61.11236604405782
26.516142281046488
46.50062809594911
75.41151079623958
62.56126656838788
20.45198781631245
20.387140235416272
16.956122816066596
27.672059043507847
56.68721317908739
35.10867138725046
80.03451834208248
70.2658339089436
22.504254467866282
22.480091394920453
54.22007443608532
28.79484643626367
29.077115928814717
20.844558399193033
9.34099334934488
19.030127328046213
19.63757123862262
54.679301185674674
31.245667867067276
26.516142281046488
46.50062809594911
75.41151079623958
62.56126656838788
20.45198781631245
20.387140235416272
16.956122816066596
27.672059043507847
56.68721317908739
35.10867138725046
80.03451834208248
70.2658339089436
22.504254467866282
22.480091394920453
54.22007443608532
28.79484643626367
29.077115928814717
20.844558399193033
9.34099334934488
19.030127328046213
19.63757123862262
54.679301185674674
31.245667867067276
26.516142281046488
46.50062809594911
75.41151079623958
62.56126656838788
20.45198781631245
20.387140235416272
16.956122816066596
27.672059043507847
56.68721317908739
35.10867138725046
80.03451834208248
70.2658339089436
22.504254467866282
22.480091394920453
54.22007443608532
28.79484643626367
29.077115928814717
20.844558399193033
9.978557484802192
18.23845881092763
19.32897415379583
49.017504104495025
51.60103946196123
66.81522904035741
59.033726466415985
50.46539709100457
18.45211058548931
52.4587998044293
52.29593598245846
55.50787949661836
61.88637559586508
26.516142281046488
46.50062809594911
75.41151079623958
62.56126656838788
20.45198781631245
20.387140235416272
16.956122816066596
27.672059043507847
56.68721317908739
35.10867138725046
80.03451834208248
70.2658339089436
22.504254467866282
22.480091394920453
54.22007443608532
28.79484643626367
29.077115928814717
20.844558399193033
9.30820691390636
18.23845881092763
19.070621357127177
49.017504104495025
51.60103946196123
68.23913799435675
59.033726466415985
51.229084621958904
17.59416414273583
55.08423310664052
55.686719102934504
59.84718135970445
70.40664491231357
81.21022341538111
83.04382564986052
51.046282633443155
80.00357658398704
51.80159714739701
87.89875143494567
75.71961346740025
56.28408479155423
45.50051842522624
68.69443136438566
17.688696660403235
27.561174311791632
49.194998629522125
63.4941054326703
50.98841949338187
19.582267703639022
29.33486001402242
57.16922718562512
33.43340323621336
32.195607135501405
15.49120788189567
20.319500515379925
26.695786431614877
42.94091119935819
74.78920850894607
75.94156361329443
71.24156207936366
78.2141140280644
81.51483587377963
82.02268585322962
59.89240328150289
46.84078282410063
80.42056112384059
83.07986656473334
55.00857797958911
61.06869133484196
38.29938739261933
64.26332110106246
38.63160450785351
42.57254255068654
42.69008517723749
38.72770688827349
35.46374935023821
31.025005868494798
32.06549402635616
26.516142281046488
46.50062809594911
75.41151079623958
62.56126656838788
20.45198781631245
20.387140235416272
16.956122816066596
27.672059043507847
56.68721317908739
35.10867138725046
80.03451834208248
70.2658339089436
22.504254467866282
22.480091394920453
54.22007443608532
28.79484643626367
29.077115928814717
20.844558399193033
9.30820691390636
18.23845881092763
19.070621357127177
49.017504104495025
51.60103946196123
68.23913799435675
59.033726466415985
51.229084621958904
17.59416414273583
55.08423310664052
55.686719102934504
59.84718135970445
70.40664491231357
81.21022341538111
83.04382564986052
51.046282633443155
80.00357658398704
51.80159714739701
87.89875143494567
75.71961346740025
56.28408479155423
45.50051842522624
68.69443136438566
17.688696660403235
27.561174311791632
49.194998629522125
63.4941054326703
50.98841949338187
19.582267703639022
29.33486001402242
57.16922718562512
33.43340323621336
32.195607135501405
15.49120788189567
20.319500515379925
26.695786431614877
42.94091119935819
74.78920850894607
75.94156361329443
71.24156207936366
78.2141140280644
81.51483587377963
82.02268585322962
59.89240328150289
46.84078282410063
80.42056112384059
83.07986656473334
55.00857797958911
61.06869133484196
38.29938739261933
64.26332110106246
38.63160450785351
42.57254255068654
42.69008517723749
38.72770688827349
35.46374935023821
31.025005868494798
32.06549402635616
26.390806960512514
42.74579098536899
53.990811633236525
43.29103582185027
45.089867200207756
53.119528797777086
36.969870489047146
54.76455855561558
15.113072937571353
9.374312087360458
49.603987831208364
18.852483697223725
49.9645115319993
30.143985083042978
65.51012910562349
90.49510270267956
24.515908958092123
37.516982159642
30.565299609082015
57.81417292117218
14.618231500392138
44.899329108823004
49.64463706966246
18.09506976996355
45.32171812866285
15.32035910224164
47.20803788345193
13.696289495655597
53.807486197536434
13.724345619854713
31.351984040591212
62.70997062302905
22.935342730421112
15.636758310678744
38.47215343080827
42.35098416059833
41.16866141348587
43.02642546327155
54.722111033661335
42.32496720009556
34.48158857832135
19.257173264309532
68.62926651764042
66.32737637641594
50.46858198081685
48.33297745603017
52.31240159068375
37.26801216913547
62.365675840318936
39.14177748649945
58.623833535255365
58.852803966318724
60.43797291784015
54.81101368585805
50.69242456403824
48.63270726219346
47.20125175697554
26.390806960512514
42.74579098536899
53.990811633236525
43.29103582185027
45.089867200207756
53.119528797777086
36.969870489047146
54.76455855561558
15.113072937571353
9.374312087360458
49.603987831208364
18.852483697223725
49.9645115319993
30.143985083042978
65.51012910562349
90.49510270267956
24.515908958092123
37.516982159642
30.565299609082015
57.81417292117218
14.618231500392138
44.899329108823004
49.64463706966246
18.09506976996355
45.32171812866285
15.32035910224164
47.20803788345193
13.696289495655597
53.807486197536434
13.724345619854713
31.351984040591212
62.70997062302905
22.935342730421112
15.636758310678744
38.47215343080827
42.35098416059833
41.16866141348587
43.02642546327155
54.722111033661335
42.32496720009556
34.48158857832135
19.257173264309532
68.62926651764042
66.32737637641594
50.46858198081685
48.33297745603017
52.31240159068375
37.26801216913547
62.365675840318936
39.14177748649945
58.623833535255365
58.852803966318724
60.43797291784015
54.81101368585805
50.69242456403824
48.63270726219346
47.20125175697554
26.390806960512514
42.74579098536899
53.990811633236525
43.29103582185027
45.089867200207756
53.119528797777086
36.969870489047146
54.76455855561558
15.113072937571353
14.096594206760576
49.603987831208364
18.80924150637204
49.9645115319993
30.432762831404563
30.542119230933793
18.790379678536382
47.93566279894193
23.20062525021693
40.447548642519116
83.61065166594311
53.49149307803957
79.81349137273125
47.12305991760491
77.1763561031264
84.69921706926934
63.26925027696636
42.95311443414187
86.93305267430857
69.50675000365476
43.674016313033356
83.34831663132191
91.21780218630423
52.21363270816589
82.37648796892763
53.19386149878997
57.71702960835708
57.42714632729125
26.390806960512514
42.74579098536899
53.990811633236525
43.29103582185027
45.089867200207756
53.119528797777086
36.969870489047146
54.76455855561558
15.113072937571353
14.096594206760576
49.603987831208364
18.80924150637204
49.9645115319993
30.432762831404563
30.542119230933793
18.790379678536382
47.93566279894193
23.20062525021693
40.447548642519116
83.61065166594311
53.49149307803957
79.81349137273125
47.12305991760491
77.1763561031264
84.69921706926934
63.26925027696636
42.95311443414187
86.93305267430857
69.50675000365476
43.674016313033356
83.34831663132191
91.21780218630423
52.21363270816589
85.46917446568774
53.19386149878997
57.71702960835708
57.9103723728061
22.53929981267582
10.594342545908814
32.259275564541454
51.60960650905002
48.97749800625208
45.43057333233859
48.431552922181346
49.64178823829054
51.52277495443341
53.67900216492006
56.99714521086816
67.65852880207235
50.05921372587081
47.797655604722785
45.23688417099198
43.81284362207206
30.64294740152714
59.76808143322033
43.656364563557084
57.09991945891078
25.339389498798926
50.55260631295324
66.75571143431307
61.132825779346284
57.131485555102316
30.64294740152714
59.76808143322033
43.656364563557084
57.09991945891078
25.339389498798926
48.635347849732064
49.927330844487265
53.47089451749247
59.77344029761292
30.64294740152714
59.76808143322033
43.656364563557084
57.09991945891078
19.256939041960095
34.24097274990451
39.99876091299978
37.99814838949801
31.50853601276236
20.510461604979657
27.825197683604728
33.9063244701195
77.3254365891389
75.72906174911189
67.81506728765582
55.45720502037015
47.23353299570541
41.62741095075242
34.68209294008861
30.64294740152714
59.76808143322033
43.656364563557084
57.09991945891078
19.256939041960095
34.24097274990451
39.99876091299978
37.99814838949801
31.50853601276236
19.82666460387077
27.825197683604728
34.04145138285501
78.88956366562684
81.61855125316427
75.9746926647958
60.434380868548914
53.874338226532416
51.227982220776596
46.20206708845122
41.14696030989887
9.776523335406239
15.964825770990254
22.89740750729754
42.52455658850638
51.73131808371869
48.33532413332004
50.7649639299292
49.171298935475086
50.33415052796585
49.64293643039903
50.04815860652546
49.778597591931586
50.11614133071373
49.709850781171454
43.96104094715321
46.59412215446044
60.63122943898784
41.8431085606142
55.934624433934495
51.45645059890496
49.226942465942045
49.70456047696962
48.280105729893
44.48123317808265
9.776523335406239
22.05612592430935
36.88868403112998
17.104798974972116
59.81692763824138
59.62533171000111
81.55711218381438
23.238971599914084
43.59056654465644
48.156378927092625
25.44160839405008
52.6285837513109
70.70859481087192
43.70456693214441
9.776523335406239
22.05612592430935
36.88868403112998
17.104798974972116
59.81692763824138
59.62533171000111
81.55711218381438
23.238971599914084
43.59056654465644
48.156378927092625
25.44160839405008
52.6285837513109
70.70859481087192
43.70456693214441
9.776523335406239
37.328216351292255
21.582170773480644
26.364247015334573
36.922043604881885
42.461588033325036
87.8299059665164
71.95192228245858
50.69464916325081
77.85762675472317
30.371731870061996
67.91571979527734
46.5032450141768
47.36370979765968
12.86897669262782
12.961030260765352
32.449794816551595
55.53741469860926
63.730365093963016
84.12512783623197
83.0251362682072
59.714333022631074
21.227746795323487
60.968786430576856
42.11709985127702
48.07863796949044
59.4004181417425
69.05586775723299
69.25815437981777
59.742943966283235
55.1409254753153
50.396754963589984
51.54887366166022
9.776523335406239
37.328216351292255
21.582170773480644
26.364247015334573
36.922043604881885
42.461588033325036
87.8299059665164
71.95192228245858
50.69464916325081
77.85762675472317
30.371731870061996
67.91571979527734
46.5032450141768
47.36370979765968
12.86897669262782
12.961030260765352
32.449794816551595
55.53741469860926
63.730365093963016
84.12512783623197
83.0251362682072
59.714333022631074
21.227746795323487
60.968786430576856
42.11709985127702
48.07863796949044
59.4004181417425
69.05586775723299
69.25815437981777
59.742943966283235
55.1409254753153
50.396754963589984
51.54887366166022
9.776523335406239
37.328216351292255
21.582170773480644
26.364247015334573
36.922043604881885
42.461588033325036
87.8299059665164
71.95192228245858
50.69464916325081
77.85762675472317
30.371731870061996
67.91571979527734
46.5032450141768
47.36370979765968
12.86897669262782
12.961030260765352
32.449794816551595
55.53741469860926
63.730365093963016
84.12512783623197
83.0251362682072
59.714333022631074
21.227746795323487
60.968786430576856
42.11709985127702
48.07863796949044
59.4004181417425
69.05586775723299
69.25815437981777
59.742943966283235
55.1409254753153
50.396754963589984
51.54887366166022
37.11278559229544
56.02452285238841
21.605378612807563
41.24505790293256
26.3609327356594
29.28181696386119
27.251446215223368
16.69873604957952
37.11278559229544
56.02452285238841
21.605378612807563
41.24505790293256
26.3609327356594
29.28181696386119
27.251446215223368
14.611957498843404
28.995505511146053
44.99788211607083
60.07768231722101
42.51366272367919
82.25605963263797
84.64907005273669
55.931300508111775
65.11980321092857
49.01158050661814
56.481722207493796
43.55785692132445
60.22794749435554
40.657338657873375
67.49169490212346
32.058902700703534
65.48590014996049
24.779748276071157
50.247920466342094
49.716653548577426
62.876228669612914
37.706066294105895
67.23354449595313
35.886598101129145
81.76608118221085
80.2784158284911
47.69018261895096
74.70253093203782
75.44258489555543
80.07928100812872
88.41715408301843
50.74991754434147
78.4684381941715
59.70835370190309
40.42077788953902
59.53524509748421
41.50263407101168
58.49736592898834
39.498901438513585
61.58203153094861
36.03815206033457
70.5493311156218
32.30708752033884
68.42568682490572
17.245438341376918
47.88267353962313
31.234689113263315
48.16268498928694
48.84276771326136
37.11278559229544
56.02452285238841
21.605378612807563
41.24505790293256
26.3609327356594
29.28181696386119
27.251446215223368
14.611957498843404
28.995505511146053
44.99788211607083
60.07768231722101
42.51366272367919
82.25605963263797
84.64907005273669
55.931300508111775
65.11980321092857
49.01158050661814
56.481722207493796
43.55785692132445
60.22794749435554
40.657338657873375
67.49169490212346
32.058902700703534
65.48590014996049
24.779748276071157
50.247920466342094
49.716653548577426
62.876228669612914
37.706066294105895
67.23354449595313
35.886598101129145
81.76608118221085
80.2784158284911
47.69018261895096
74.70253093203782
75.44258489555543
80.07928100812872
88.41715408301843
50.74991754434147
78.4684381941715
59.70835370190309
40.42077788953902
59.53524509748421
41.50263407101168
58.49736592898834
39.498901438513585
61.58203153094861
36.03815206033457
70.5493311156218
32.30708752033884
68.42568682490572
17.245438341376918
47.88267353962313
26.690855148426344
32.30598466981768
49.51604539061106
49.279640992891565
37.11278559229544
56.02452285238841
21.605378612807563
41.24505790293256
26.3609327356594
29.28181696386119
27.251446215223368
14.611957498843404
28.995505511146053
44.99788211607083
60.07768231722101
42.51366272367919
82.25605963263797
84.64907005273669
55.931300508111775
65.11980321092857
49.01158050661814
56.481722207493796
43.55785692132445
60.22794749435554
40.657338657873375
67.49169490212346
32.058902700703534
65.48590014996049
24.779748276071157
50.247920466342094
49.716653548577426
62.876228669612914
37.706066294105895
67.23354449595313
35.886598101129145
81.76608118221085
80.2784158284911
47.69018261895096
74.70253093203782
75.44258489555543
80.07928100812872
88.41715408301843
50.74991754434147
78.4684381941715
59.70835370190309
40.42077788953902
59.53524509748421
41.50263407101168
58.49736592898834
39.498901438513585
61.58203153094861
31.822675869390306
68.90189501824703
38.7633291173631
60.731882667997965
16.381291525599096
45.26256802639316
43.306697606540745
26.389201131522
28.723035652772555
29.84130735494979
29.34869774103627
71.9683577274297
37.11278559229544
56.02452285238841
21.605378612807563
41.24505790293256
26.3609327356594
29.28181696386119
27.251446215223368
14.611957498843404
28.995505511146053
44.99788211607083
60.07768231722101
42.51366272367919
82.25605963263797
84.64907005273669
55.931300508111775
65.11980321092857
49.01158050661814
56.481722207493796
43.55785692132445
60.22794749435554
40.657338657873375
67.49169490212346
32.058902700703534
65.48590014996049
24.779748276071157
50.247920466342094
49.716653548577426
62.876228669612914
37.706066294105895
67.23354449595313
35.886598101129145
81.76608118221085
80.2784158284911
47.69018261895096
74.70253093203782
75.0665277337028
79.07590280559198
88.47266077681476
50.74991754434147
44.23277939666422
48.862473688985645
50.1931681442616
45.79021625378168
47.52899364963864
27.702804924588985
25.78876217227968
19.72504836203517
33.925633356140445
44.28753638019922
48.2279510684445
44.23277939666422
48.862473688985645
50.1931681442616
45.79021625378168
47.52899364963864
27.702804924588985
25.78876217227968
19.72504836203517
16.97440566334053
21.25391858424813
42.87823643701594
49.877999472839065
47.07024801337877
49.11146534634689
36.66026795806156
44.23277939666422
48.862473688985645
50.1931681442616
45.79021625378168
47.52899364963864
27.702804924588985
25.78876217227968
19.72504836203517
16.97440566334053
21.25391858424813
42.87823643701594
49.877999472839065
47.07024801337877
49.11146534634689
36.66026795806156
37.850106904376666
56.64861700725386
44.23277939666422
48.862473688985645
50.1931681442616
45.79021625378168
47.52899364963864
27.702804924588985
25.78876217227968
19.72504836203517
16.97440566334053
21.25391858424813
42.87823643701594
49.877999472839065
47.07024801337877
50.9098684984973
86.94454796031779
93.78213234488604
67.93992323808267
50.224057693718855
22.644767676831762
49.419926752703724
76.08491135215553
37.850688597095015
76.35336609503045
48.19339024040342
55.09147115910423
44.23277939666422
48.862473688985645
50.1931681442616
45.79021625378168
47.52899364963864
27.702804924588985
25.78876217227968
19.72504836203517
16.97440566334053
21.25391858424813
42.87823643701594
49.877999472839065
47.07024801337877
50.9098684984973
86.94454796031779
93.78213234488604
67.93992323808267
50.224057693718855
22.644767676831762
49.419926752703724
76.08491135215553
37.850688597095015
63.25304402738171
70.07991288024202
47.558067694076676
24.532143833064957
26.5317902374845
52.59129167354907
24.74401533514073
44.23277939666422
48.862473688985645
50.1931681442616
45.79021625378168
47.52899364963864
27.702804924588985
25.78876217227968
19.72504836203517
16.97440566334053
21.25391858424813
42.87823643701594
49.877999472839065
47.07024801337877
50.9098684984973
86.94454796031779
93.83910367855167
67.93992323808267
50.224057693718855
22.644767676831762
49.419926752703724
76.08491135215553
37.850688597095015
63.25304402738171
70.07991288024202
47.558067694076676
13.738873359774695
23.646633904969555
51.10782205986627
49.17937563846466
23.241786473411313
44.23277939666422
48.862473688985645
50.1931681442616
45.79021625378168
47.52899364963864
27.702804924588985
25.78876217227968
19.72504836203517
16.97440566334053
21.25391858424813
42.87823643701594
49.877999472839065
47.07024801337877
50.9098684984973
86.94454796031779
93.83910367855167
67.93992323808267
50.224057693718855
22.644767676831762
49.419926752703724
76.08491135215553
37.850688597095015
63.25304402738171
70.07991288024202
47.558067694076676
13.738873359774695
23.646633904969555
51.10782205986627
44.23277939666422
48.862473688985645
50.1931681442616
45.79021625378168
47.52899364963864
27.702804924588985
25.78876217227968
19.72504836203517
16.97440566334053
21.25391858424813
42.87823643701594
49.877999472839065
47.07024801337877
50.9098684984973
86.94454796031779
93.83910367855167
67.93992323808267
50.224057693718855
22.644767676831762
49.419926752703724
76.08491135215553
37.850688597095015
63.25304402738171
70.07991288024202
47.558067694076676
13.738873359774695
23.646633904969555
51.10782205986627
48.90747178263595
54.29125818599201
56.504105630047356
56.2374501983873
60.9971814907854
34.56255329689992
52.68322177232813
44.52790146258206
49.813937175403886
17.79810203780778
9.882364053161018
54.37364819887248
18.562023551035168
39.02156547890434
62.96987062907112
35.97402186568509
67.14401759764338
35.43625346843019
65.40321368088725
29.25498346324489
23.282541342313756
18.93523031213859
18.766482295234553
50.88988955722328
26.410449686792656
17.98657563432703
34.05408595504029
47.82932149214066
39.02053966337093
80.14980908264789
81.03741695893247
83.98585730951399
62.17746348924098
44.9365853411733
55.23201227953963
47.37192727783203
67.81074280970229
71.1384891224746
60.9971814907854
34.56255329689992
52.68322177232813
44.52790146258206
49.813937175403886
17.79810203780778
9.882364053161018
54.37364819887248
18.562023551035168
39.02156547890434
62.96987062907112
35.97402186568509
67.14401759764338
35.43625346843019
65.40321368088725
29.25498346324489
23.282541342313756
18.93523031213859
18.766482295234553
50.88988955722328
26.410449686792656
17.98657563432703
34.05408595504029
47.82932149214066
39.02053966337093
80.14980908264789
81.03741695893247
83.98585730951399
62.17746348924098
44.9365853411733
55.23201227953963
47.37192727783203
67.58655299940773
79.64099431867602
67.88501011883606
49.30295283075942
65.60730282287395
37.39920957419579
63.58348180831859
36.46943223449218
64.6820095556885
33.34103823580893
70.81315661441812
73.54733685461895
83.83884799398152
56.80021611353303
66.60675649261687
38.75658992956923
58.19446657847492
16.849258482562057
20.25346793009747
19.919470901766598
50.9875484809776
29.849889801501327
51.408042146099895
24.677869438233305
12.8231001361155
69.30821169083734
60.9971814907854
34.56255329689992
52.68322177232813
44.52790146258206
49.813937175403886
17.79810203780778
9.882364053161018
54.37364819887248
18.562023551035168
39.02156547890434
62.96987062907112
35.97402186568509
67.14401759764338
35.43625346843019
65.40321368088725
29.25498346324489
23.282541342313756
18.93523031213859
18.766482295234553
50.88988955722328
26.410449686792656
17.98657563432703
34.05408595504029
47.82932149214066
39.02053966337093
80.14980908264789
81.03741695893247
83.98585730951399
62.17746348924098
44.9365853411733
55.23201227953963
47.37192727783203
67.58655299940773
79.64099431867602
67.88501011883606
49.30295283075942
65.60730282287395
37.39920957419579
63.58348180831859
36.46943223449218
64.6820095556885
33.34103823580893
70.81315661441812
73.54733685461895
84.82588448347282
56.80021611353303
66.60675649261687
38.75658992956923
58.19446657847492
15.397783829681632
19.029229549051248
23.06006558313185
50.57844495970956
20.3788881658722
21.329258325584263
12.188483560788756
25.38836947940279
39.67957302209371
56.81903762767053
51.81127919407117
50.61877901937921
71.31791646577955
61.070546773927894
63.81566736121608
68.59843090679682
77.98601146952545
89.84148127647194
60.91475256585303
50.492195445290236
52.757048568217684
46.61967383830003
54.411269127335885
46.06926028198331
58.4619651791316
46.68235297152929
53.92238318036189
57.70168705616896
53.918045172023426
60.9971814907854
34.56255329689992
52.68322177232813
44.52790146258206
49.813937175403886
17.79810203780778
9.882364053161018
54.37364819887248
18.562023551035168
39.02156547890434
62.96987062907112
35.97402186568509
67.14401759764338
35.43625346843019
65.40321368088725
29.25498346324489
23.282541342313756
18.93523031213859
18.766482295234553
50.88988955722328
26.410449686792656
17.98657563432703
34.05408595504029
47.82932149214066
39.02053966337093
80.14980908264789
81.03741695893247
83.98585730951399
62.17746348924098
44.9365853411733
55.23201227953963
47.37192727783203
67.58655299940773
79.64099431867602
67.88501011883606
49.30295283075942
65.60730282287395
37.39920957419579
63.58348180831859
36.46943223449218
64.6820095556885
33.34103823580893
70.81315661441812
73.54733685461895
84.82588448347282
56.80021611353303
66.60675649261687
38.75658992956923
58.19446657847492
15.397783829681632
19.029229549051248
23.06006558313185
50.57844495970956
20.3788881658722
21.329258325584263
12.188483560788756
25.38836947940279
39.67957302209371
56.81903762767053
51.81127919407117
50.61877901937921
71.31791646577955
61.070546773927894
63.81566736121608
68.59843090679682
77.98601146952545
89.84148127647194
60.91475256585303
50.492195445290236
52.757048568217684
46.61967383830003
54.411269127335885
46.06926028198331
58.4619651791316
46.68235297152929
53.92238318036189
57.70168705616896
53.918045172023426
60.9971814907854
34.56255329689992
52.68322177232813
44.52790146258206
49.813937175403886
17.79810203780778
9.882364053161018
54.37364819887248
18.562023551035168
39.02156547890434
62.96987062907112
35.97402186568509
67.14401759764338
35.43625346843019
65.40321368088725
29.25498346324489
23.282541342313756
18.93523031213859
18.766482295234553
50.88988955722328
26.410449686792656
17.98657563432703
34.05408595504029
47.82932149214066
39.02053966337093
80.14980908264789
81.03741695893247
83.98585730951399
62.17746348924098
44.9365853411733
55.23201227953963
47.37192727783203
67.58655299940773
79.64099431867602
67.88501011883606
49.30295283075942
65.60730282287395
37.39920957419579
63.58348180831859
36.46943223449218
64.6820095556885
33.34103823580893
70.81315661441812
73.54733685461895
84.82588448347282
56.80021611353303
66.60675649261687
38.75658992956923
58.19446657847492
15.397783829681632
19.029229549051248
23.06006558313185
50.57844495970956
20.3788881658722
21.329258325584263
12.188483560788756
25.38836947940279
39.67957302209371
56.81903762767053
51.81127919407117
50.61877901937921
71.31791646577955
61.070546773927894
63.81566736121608
68.59843090679682
77.98601146952545
89.84148127647194
60.91475256585303
50.492195445290236
52.757048568217684
46.61967383830003
54.411269127335885
46.06926028198331
58.4619651791316
46.68235297152929
53.92238318036189
57.70168705616896
53.918045172023426
60.9971814907854
34.56255329689992
52.68322177232813
44.52790146258206
49.813937175403886
17.79810203780778
9.882364053161018
54.37364819887248
18.562023551035168
39.02156547890434
62.96987062907112
35.97402186568509
67.14401759764338
35.43625346843019
65.40321368088725
29.25498346324489
23.282541342313756
18.93523031213859
18.766482295234553
50.88988955722328
26.410449686792656
17.98657563432703
34.05408595504029
47.82932149214066
39.02053966337093
80.14980908264789
81.03741695893247
83.98585730951399
62.17746348924098
44.9365853411733
55.23201227953963
47.37192727783203
67.58655299940773
79.64099431867602
67.88501011883606
49.30295283075942
65.60730282287395
37.39920957419579
63.58348180831859
36.46943223449218
64.6820095556885
33.34103823580893
70.81315661441812
73.54733685461895
84.82588448347282
56.80021611353303
66.60675649261687
38.75658992956923
58.19446657847492
15.397783829681632
19.029229549051248
23.06006558313185
50.57844495970956
20.3788881658722
21.329258325584263
12.188483560788756
25.38836947940279
39.67957302209371
56.81903762767053
51.81127919407117
50.61877901937921
71.31791646577955
61.070546773927894
63.81566736121608
68.59843090679682
77.98601146952545
89.84148127647194
60.91475256585303
50.492195445290236
52.757048568217684
46.61967383830003
54.411269127335885
46.06926028198331
58.4619651791316
46.68235297152929
53.92238318036189
57.70168705616896
53.918045172023426
45.82635207869595
51.2198304810112
40.85550001394044
50.01924310740447
48.749060421872606
13.68591241370687
34.91108922740112
53.48520864807831
41.00567073286384
54.668777611244096
39.86101562789855
53.97309795123266
43.26835868921949
53.2839658515788
43.5490212451902
57.4047431285709
49.047273261623616
49.233623175967374
48.05037823691095
45.37610936370232
51.70160966763471
46.933952776079444
31.47723968574968
34.140649097345545
29.363626423249297
21.23229972124136
7.494765571999852
36.35512951962664
52.626552854373855
28.777770779594082
53.53299691329065
48.691288325187195
53.80662975114563
51.523735926286164
48.92960702681059
55.33897917608126
43.32036249899597
81.70033064047608
48.86074217932896
80.44761017917628
43.43018889048017
78.36303693307781
77.57436115365793
77.17551482960113
83.63481080674582
44.65644075482458
92.33172834339199
69.01373218761293
45.41564163217005
56.324176984522076
45.66755178610979
55.47229706670381
49.46153539605389
51.415912040179954
44.235406024303664
55.04614599024684
48.00762289681591
59.402669078581994
44.60144290813205
86.1394290545763
39.41921761670729
82.26310321146325
65.62342592612589
41.60196460385775
63.57941621979779
46.65502066748795
57.28655352859535
52.42805670227134
51.93495215514369
47.980937348930915
53.672049596343655
52.317358077983684
52.4354232291807
45.82635207869595
51.2198304810112
40.85550001394044
50.01924310740447
48.749060421872606
13.68591241370687
34.91108922740112
53.48520864807831
41.00567073286384
54.668777611244096
39.86101562789855
53.97309795123266
43.26835868921949
53.2839658515788
43.5490212451902
57.4047431285709
49.047273261623616
49.233623175967374
48.05037823691095
45.37610936370232
51.70160966763471
46.933952776079444
31.47723968574968
34.140649097345545
29.363626423249297
21.23229972124136
7.494765571999852
36.35512951962664
52.626552854373855
28.777770779594082
53.53299691329065
48.691288325187195
53.80662975114563
51.523735926286164
48.92960702681059
55.33897917608126
43.32036249899597
81.70033064047608
48.86074217932896
80.44761017917628
43.43018889048017
78.36303693307781
77.57436115365793
77.17551482960113
83.63481080674582
44.65644075482458
92.33172834339199
69.01373218761293
45.41564163217005
56.324176984522076
45.66755178610979
55.47229706670381
49.46153539605389
51.415912040179954
44.235406024303664
55.04614599024684
48.00762289681591
59.402669078581994
44.60144290813205
86.1394290545763
39.41921761670729
82.26310321146325
65.62342592612589
41.60196460385775
63.57941621979779
46.65502066748795
57.28655352859535
52.42805670227134
51.93495215514369
47.980937348930915
53.672049596343655
52.317358077983684
52.4354232291807
45.82635207869595
51.2198304810112
40.85550001394044
50.01924310740447
48.749060421872606
13.68591241370687
34.91108922740112
53.48520864807831
41.00567073286384
54.668777611244096
39.86101562789855
53.97309795123266
43.26835868921949
53.2839658515788
43.5490212451902
57.4047431285709
49.047273261623616
49.233623175967374
48.05037823691095
45.82635207869595
51.2198304810112
40.85550001394044
50.01924310740447
48.749060421872606
13.68591241370687
34.91108922740112
53.48520864807831
41.00567073286384
54.668777611244096
39.86101562789855
53.97309795123266
43.26835868921949
53.2839658515788
43.5490212451902
57.4047431285709
49.047273261623616
49.233623175967374
48.05037823691095
45.37610936370232
51.70160966763471
46.933952776079444
31.47723968574968
34.140649097345545
29.363626423249297
21.23229972124136
7.494765571999852
36.35512951962664
52.626552854373855
28.777770779594082
53.53299691329065
48.691288325187195
53.80662975114563
51.523735926286164
48.92960702681059
55.33897917608126
43.32036249899597
81.70033064047608
48.86074217932896
80.44761017917628
43.43018889048017
78.36303693307781
77.57436115365793
77.17551482960113
83.63481080674582
44.65644075482458
92.33172834339199
