-0.6999155016388385
8.233088741951823
-5.39553819531034
9.778477239836572
-1.6548860614514285
25.51072750994694
25.769588296322567
25.968537786688515
26.174013842277105
25.58986840054528
25.808560137177153
5.695639976242255
13.78570199660215
-4.847014263599354
5.769796578259364
-11.131192913193047
-25.82866986227705
-25.929000305736494
-25.737944540663523
-25.76112427178945
-25.439144927402147
-25.459644992841852
-8.901700682368224
-21.924497030748398
11.674266407248012
1.9979399937699187
25.649897723639047
26.19508657086893
26.38357181472981
26.258835406463003
25.67328510952686
25.39002170721317
12.135566300105598
9.907697111904477
5.415928943296088
-9.545471663878399
-26.02026881522675
-20.93322441099973
-15.724563576367524
-23.13030596964488
-25.998819757952578
-25.16725262648758
-25.74419067806395
1.4169020295789783
-26.34315445537058
15.135286521422458
-8.40511723790815
25.576333832582304
26.28909035993553
13.693339421999125
11.122151869514505
16.582552693950905
26.141234198699376
25.301831903215927
25.324229831670458
17.775716234199603
-23.992358230657697
26.093175112492403
-4.687668086042584
2.560125624961672
-25.54568665154809
3.279875870048413
-26.03325461189249
-26.04561275000882
-25.838547514296014
-25.536701431100926
-25.27491516492913
-22.080354842346246
4.024068356314319
-11.838838064571915
-7.208276837789698
8.332356429396533
-8.035558060867244
13.225553101015823
-5.659357009011393
5.781477974484953
2.8610767195056397
21.8307818958242
-18.48826565132479
25.404408768212058
-2.4698405525363025
4.271837482906201
13.664972912278014
3.3758590653036658
25.618142045948296
13.555005426766352
-8.775271435523182
10.875109849578786
-21.357650310305385
25.997594185423058
-3.850252359009819
-4.118807055787227
-4.232104472298108
9.014011895312738
-8.049104651048092
21.321090625996906
-26.426089324449382
25.501596501314722
25.435543930673354
25.554147373327424
25.806665304010803
25.822351990335626
25.76375836064631
25.432547503343866
13.031658508326485
-0.2743278314703683
11.994299463932776
5.459347930280595
-11.384643495266333
8.802270642204908
-26.36931414935401
7.8963732041563945
-25.18607113788226
-26.396505232703227
14.686730792120809
-25.639462227627348
-13.137329044404595
6.320143171216258
0.921537656678682
-26.084072166289715
-26.09040447717937
-25.812811061612617
-25.738616853050313
-25.877939888528196
-25.56543128298886
-26.332152339191676
-2.1245299868356136
5.346786827919396
8.80912882360665
25.599000105681075
-0.5446329675761289
25.501669743032874
14.190074427540308
25.3861220535499
25.44535917179459
2.072651836523114
25.843521063137924
-8.149106333188913
-25.467529717483444
-14.907333649800368
-25.91617361248382
-5.038095846871627
8.376019903421021
-25.283734072824974
-25.17428495581416
-25.558697042512584
13.556435189880641
-9.982571122714646
-4.842311483556993
0.2668762552167395
-4.019178850651495
-1.9267977909414484
-5.915047653584835
-15.731016521326092
17.031373178692313
-5.324000209157222
-2.1870110962628497
-2.9298638879175725
25.231483031175276
-12.655897918537155
25.243174024453793
25.750292668537284
-12.73553725491021
20.414379536443484
19.010081269703687
25.621445901962232
25.607281459909988
3.3482850275051996
9.40614024093696
-0.5617868421005706
-0.3408304474731849
-6.802518492068003
6.775764758745503
-26.267819914173188
9.181234121832986
-26.124608898688578
-11.930446853153189
9.042971285818885
-26.419443976422443
12.906006593701779
-26.27617922062092
26.128510134157814
-25.406244450563946
-23.281224488617873
-11.582550645504647
-6.956449940323846
16.862812241996327
-25.727900957505323
-26.057527724009212
-5.591106524234957
26.271186174783544
26.228647685824164
-5.168101067733024
-18.105838399615816
-21.0738782614151
-6.278448380487052
-14.580675401451181
-20.273982677174267
-18.09647811666086
25.231483031175276
-12.655897918537155
25.243174024453793
25.750292668537284
-12.73553725491021
20.414379536443484
19.010081269703687
25.621445901962232
25.607281459909988
3.3482850275051996
9.40614024093696
-0.5617868421005706
-0.3408304474731849
-6.802518492068003
6.775764758745503
-26.267819914173188
9.181234121832986
-26.124608898688578
-11.930446853153189
9.042971285818885
-26.419443976422443
12.906006593701779
-26.27617922062092
26.128510134157814
-25.406244450563946
-23.281224488617873
-11.582550645504647
-6.956449940323846
16.862812241996327
-25.727900957505323
-26.057527724009212
-5.591106524234957
26.271186174783544
26.228647685824164
-5.168101067733024
-18.105838399615816
-21.0738782614151
-6.278448380487052
-14.580675401451181
-20.273982677174267
-18.09647811666086
25.91889775439734
6.603318027903151
-25.81057182321464
-20.92660597906287
25.593713997388484
25.59049852676079
25.42940020793711
25.98586568859658
-11.248304712682819
26.17519300192886
-25.569738280740186
-26.108834775846674
25.698498261091867
25.697231269932583
-7.701830851355812
26.052280447182795
26.06918130344822
25.613307441001524
25.147037919859706
25.524619442583127
25.553772527921872
-8.38004470926835
26.201652549729108
25.91889775439734
6.603318027903151
-25.81057182321464
-20.92660597906287
25.593713997388484
25.59049852676079
25.42940020793711
25.98586568859658
-11.248304712682819
26.17519300192886
-25.569738280740186
-26.108834775846674
25.698498261091867
25.697231269932583
-7.701830851355812
26.052280447182795
26.06918130344822
25.613307441001524
25.147037919859706
25.524619442583127
25.553772527921872
-8.38004470926835
26.201652549729108
25.91889775439734
6.603318027903151
-25.81057182321464
-20.92660597906287
25.593713997388484
25.59049852676079
25.42940020793711
25.98586568859658
-11.248304712682819
26.17519300192886
-25.569738280740186
-26.108834775846674
25.698498261091867
25.697231269932583
-7.701830851355812
26.052280447182795
26.06918130344822
25.613307441001524
25.16601127086166
25.487468386392763
25.538892935382233
2.1706035506707337
-3.3801882917060873
-26.323833751798723
-14.671733967802572
-1.0721063720068793
25.497398734892833
-4.911208947866552
-4.6315186297067
-9.575351039463095
-19.558522101765995
25.91889775439734
6.603318027903151
-25.81057182321464
-20.92660597906287
25.593713997388484
25.59049852676079
25.42940020793711
25.98586568859658
-11.248304712682819
26.17519300192886
-25.569738280740186
-26.108834775846674
25.698498261091867
25.697231269932583
-7.701830851355812
26.052280447182795
26.06918130344822
25.613307441001524
25.146088234486918
25.487468386392763
25.526545355386677
2.1706035506707337
-3.3801882917060873
-26.233783269226475
-14.671733967802572
-2.665149797682283
25.457960098460223
-8.967835695557923
-9.830169960359393
-15.948129324347795
-26.10030060116444
-25.513238058228783
-25.429402488634917
-2.3002120296415196
-25.57125299218755
-3.751826065020198
-25.235808283014872
-25.793663728410316
-10.677395717097072
8.11613900248677
-26.205376013129108
25.462247928703846
25.979379083696315
1.8034325118967243
-22.926878868094796
-2.182690185511876
25.551095412165502
26.084685222172485
-11.93339534869465
26.33974159301598
26.2610852404807
25.36642657556017
25.587150964144207
25.929209669038727
11.776450489930593
-25.84506918501982
-25.781555693917735
-26.050106163504562
-25.66116662113901
-25.498941397335923
-25.475428075543462
-16.02117001123252
6.066177623730227
-25.550958484837086
-25.42780923057349
-8.858618557006126
-18.01821750458073
19.193202882817857
-24.67641915638834
18.56212245559037
12.302660872379487
12.134328131036927
18.38593684523502
25.319834986429033
26.187967050652915
26.252896346925972
25.91889775439734
6.603318027903151
-25.81057182321464
-20.92660597906287
25.593713997388484
25.59049852676079
25.42940020793711
25.98586568859658
-11.248304712682819
26.17519300192886
-25.569738280740186
-26.108834775846674
25.698498261091867
25.697231269932583
-7.701830851355812
26.052280447182795
26.06918130344822
25.613307441001524
25.146088234486918
25.487468386392763
25.526545355386677
2.1706035506707337
-3.3801882917060873
-26.233783269226475
-14.671733967802572
-2.665149797682283
25.457960098460223
-8.967835695557923
-9.830169960359393
-15.948129324347795
-26.10030060116444
-25.513238058228783
-25.429402488634917
-2.3002120296415196
-25.57125299218755
-3.751826065020198
-25.235808283014872
-25.793663728410316
-10.677395717097072
8.11613900248677
-26.205376013129108
25.462247928703846
25.979379083696315
1.8034325118967243
-22.926878868094796
-2.182690185511876
25.551095412165502
26.084685222172485
-11.93339534869465
26.33974159301598
26.2610852404807
25.36642657556017
25.587150964144207
25.929209669038727
11.776450489930593
-25.84506918501982
-25.781555693917735
-26.050106163504562
-25.66116662113901
-25.498941397335923
-25.475428075543462
-16.02117001123252
6.066177623730227
-25.550958484837086
-25.42780923057349
-8.858618557006126
-18.01821750458073
19.193202882817857
-24.67641915638834
18.56212245559037
12.302660872379487
12.134328131036927
18.38593684523502
25.319834986429033
26.187967050652915
26.252896346925972
25.9117251273548
12.054700157813999
-7.357468673155803
11.279139217645264
8.716111735396291
-6.0025883961815945
21.915762143898444
-8.504503302611157
25.350781301109524
25.148005643148476
0.9176676936218188
25.51619878934428
0.08489548048602513
26.133782955746923
-26.407920640157272
-25.15182400609115
25.80657831020289
20.764654302333895
26.159602490118907
-12.860048020817297
25.330699690809755
8.991532704354837
0.8263510706942803
25.4808442814402
8.378553989496327
25.359325981822963
5.469634388222321
25.294503921487397
-7.078868924380826
25.295581451180983
26.20826317658565
-21.236832572482896
25.721227159297527
25.37251659135976
18.85830809140177
12.621265688611752
14.363833867325004
11.654787270944858
-8.442589353599391
12.65880162778987
26.407382194926694
25.53545115902162
-26.209430173479657
-26.355096313776663
-1.079152175478438
3.503472740623559
-4.660008316669744
21.283039456855843
-20.523442653930164
17.645612881825418
-14.051530631948319
-14.396331189491002
-16.92266256087497
-8.572150729168325
-1.5653524482157484
2.934972282383424
5.480829997485159
25.9117251273548
12.054700157813999
-7.357468673155803
11.279139217645264
8.716111735396291
-6.0025883961815945
21.915762143898444
-8.504503302611157
25.350781301109524
25.148005643148476
0.9176676936218188
25.51619878934428
0.08489548048602513
26.133782955746923
-26.407920640157272
-25.15182400609115
25.80657831020289
20.764654302333895
26.159602490118907
-12.860048020817297
25.330699690809755
8.991532704354837
0.8263510706942803
25.4808442814402
8.378553989496327
25.359325981822963
5.469634388222321
25.294503921487397
-7.078868924380826
25.295581451180983
26.20826317658565
-21.236832572482896
25.721227159297527
25.37251659135976
18.85830809140177
12.621265688611752
14.363833867325004
11.654787270944858
-8.442589353599391
12.65880162778987
26.407382194926694
25.53545115902162
-26.209430173479657
-26.355096313776663
-1.079152175478438
3.503472740623559
-4.660008316669744
21.283039456855843
-20.523442653930164
17.645612881825418
-14.051530631948319
-14.396331189491002
-16.92266256087497
-8.572150729168325
-1.5653524482157484
2.934972282383424
5.480829997485159
25.9117251273548
12.054700157813999
-7.357468673155803
11.279139217645264
8.716111735396291
-6.0025883961815945
21.915762143898444
-8.504503302611157
25.350781301109524
25.31002223016342
0.9176676936218188
25.514156218316703
0.08489548048602513
26.1514619682687
26.158176764089717
25.513266519619936
4.225437935336757
25.735333353331733
15.477799853405287
-25.404598600439506
-6.591026493702383
-25.580588307974153
5.609339647999569
-25.715314761026892
-25.358515783550022
-22.432797908093537
11.759080241453612
-25.270735776937716
-26.15517483220915
10.736710785205753
-25.416010692723525
-25.131207468317072
-4.488368125302041
-25.45928967360982
-6.121523353055889
-12.719455443660992
-12.30221475372903
25.9117251273548
12.054700157813999
-7.357468673155803
11.279139217645264
8.716111735396291
-6.0025883961815945
21.915762143898444
-8.504503302611157
25.350781301109524
25.31002223016342
0.9176676936218188
25.514156218316703
0.08489548048602513
26.1514619682687
26.158176764089717
25.513266519619936
4.225437935336757
25.735333353331733
15.477799853405287
-25.404598600439506
-6.591026493702383
-25.580588307974153
5.609339647999569
-25.715314761026892
-25.358515783550022
-22.432797908093537
11.759080241453612
-25.270735776937716
-26.15517483220915
10.736710785205753
-25.416010692723525
-25.131207468317072
-4.488368125302041
-25.327199597093653
-6.121523353055889
-12.719455443660992
-12.999700242417841
25.700336881985336
25.185231510244726
26.265097746149532
-3.396251308978777
2.2520317568358696
8.219026483679873
3.318911816001567
0.8327709671454965
-3.232615683002156
-6.881734160282674
-11.688305734273886
-26.270283055917727
-0.14134522128363783
4.468637703457918
8.502399728823836
10.54015329936604
26.164378630944483
-15.820946636869348
10.76170064203121
-11.83460037395589
25.85225541390121
-1.2637237244963833
-26.327636449228745
-18.133256039047165
-11.879580501137454
26.164378630944483
-15.820946636869348
10.76170064203121
-11.83460037395589
25.85225541390121
2.929863887917307
0.1732525285455404
-6.558861520556789
-15.829537020740608
26.164378630944483
-15.820946636869348
10.76170064203121
-11.83460037395589
25.535439939041684
26.391773008551343
16.197965513394124
19.788038439428984
26.218015822859456
25.596618411083604
25.994846317805212
26.370144460204784
-25.707448626423595
-25.79314724109185
-26.260412305817212
-9.5029956104908
5.42751286336626
13.677543986719957
26.420426021569092
26.164378630944483
-15.820946636869348
10.76170064203121
-11.83460037395589
25.535439939041684
26.391773008551343
16.197965513394124
19.788038439428984
26.218015822859456
25.562960136422564
25.994846317805212
26.37886635988872
-25.62670107431632
-25.494106443900705
-25.7797535520344
-16.916595053034538
-7.18081687420435
-2.662976719910772
7.064266881857609
14.396688173320106
25.159895496389403
25.386380706431968
25.71921760862412
12.371511994076746
-3.6226359606248635
3.4991050047988996
-1.7192364797897628
1.8530285781021665
-0.778449788153219
0.8301838215877985
-0.11507288736705057
0.5208893033811152
-0.27581591304900704
0.6785282261367312
10.330218277781524
6.457027857711277
-17.25179074425752
13.35971484404585
-10.18229566625139
-3.1063916975271124
1.7362972434280162
0.6905819784178483
3.601531441556418
9.590887930130378
25.159895496389403
25.67512960873031
22.090346422516586
25.435995205298283
-15.899399666460635
-15.593208662387568
-25.4969684214224
25.737379592871967
10.854850596208767
3.8285553400150616
25.857981076085004
-5.197992519175825
-26.08206664546157
10.69345999550795
25.159895496389403
25.67512960873031
22.090346422516586
25.435995205298283
-15.899399666460635
-15.593208662387568
-25.4969684214224
25.737379592871967
10.854850596208767
3.8285553400150616
25.857981076085004
-5.197992519175825
-26.08206664546157
10.69345999550795
25.159895496389403
21.156859714949082
25.650706067813058
25.9102076829847
22.01849046787045
12.461984146464639
-25.238234848508885
-26.007960641618187
-1.570097767420218
-25.67960621092986
26.14771864881787
-26.254077075551464
6.599236259671739
5.210899180003182
25.263421197979408
25.266812692005953
26.277126585579015
-9.61749015341067
-23.454378886754096
-25.382560243739444
-25.43022929701813
-15.734929705095164
25.632642361098373
-17.840426279766827
12.95977292654224
3.9695000698516947
-15.238836101266577
-26.182961938334078
-26.170471309421835
-15.780674509747403
-9.049514817685674
-0.9193306826401023
-3.281991762947416
25.159895496389403
21.156859714949082
25.650706067813058
25.9102076829847
22.01849046787045
12.461984146464639
-25.238234848508885
-26.007960641618187
-1.570097767420218
-25.67960621092986
26.14771864881787
-26.254077075551464
6.599236259671739
5.210899180003182
25.263421197979408
25.266812692005953
26.277126585579015
-9.61749015341067
-23.454378886754096
-25.382560243739444
-25.43022929701813
-15.734929705095164
25.632642361098373
-17.840426279766827
12.95977292654224
3.9695000698516947
-15.238836101266577
-26.182961938334078
-26.170471309421835
-15.780674509747403
-9.049514817685674
-0.9193306826401023
-3.281991762947416
25.159895496389403
21.156859714949082
25.650706067813058
25.9102076829847
22.01849046787045
12.461984146464639
-25.238234848508885
-26.007960641618187
-1.570097767420218
-25.67960621092986
26.14771864881787
-26.254077075551464
6.599236259671739
5.210899180003182
25.263421197979408
25.266812692005953
26.277126585579015
-9.61749015341067
-23.454378886754096
-25.382560243739444
-25.43022929701813
-15.734929705095164
25.632642361098373
-17.840426279766827
12.95977292654224
3.9695000698516947
-15.238836101266577
-26.182961938334078
-26.170471309421835
-15.780674509747403
-9.049514817685674
-0.9193306826401023
-3.281991762947416
21.610826206355004
-10.309758351767853
25.651894961670425
14.24847095130538
25.910018185134795
26.081488841893147
25.9613291111972
25.41807009794813
21.610826206355004
-10.309758351767853
25.651894961670425
14.24847095130538
25.910018185134795
26.081488841893147
25.9613291111972
25.33044777882627
26.064287065113795
8.849280530990356
-16.323012172588374
12.387155359168842
-25.464760148663274
-25.36059261935719
-10.17758057241602
-26.433345731317793
2.182690185512086
-10.95720109344863
10.901159155544697
-16.570992756939578
15.148667897195828
-26.280827278537053
26.25248154560318
-26.409494748755407
25.82112493935044
-0.5819204066169184
0.6630145463899788
-21.58751047682384
20.376938515277608
-26.297192423332326
24.328107331500913
-25.48725830181179
-25.55784798454442
4.655540006125323
-25.849911254569403
-25.808861419664662
-25.567549365559902
-25.217856009844226
-1.6874612577645307
-25.64811648417382
-15.725382541218597
15.52012484741629
-15.45063439448009
13.862738765694377
-13.86273876569365
17.029570345679414
-18.962490390844486
23.97963809121568
-26.091672523293063
26.26811310394757
-26.222120394866725
25.442267271253904
4.3192531969029275
26.20097126896669
3.8170653599359134
2.5228305126516317
21.610826206355004
-10.309758351767853
25.651894961670425
14.24847095130538
25.910018185134795
26.081488841893147
25.9613291111972
25.33044777882627
26.064287065113795
8.849280530990356
-16.323012172588374
12.387155359168842
-25.464760148663274
-25.36059261935719
-10.17758057241602
-26.433345731317793
2.182690185512086
-10.95720109344863
10.901159155544697
-16.570992756939578
15.148667897195828
-26.280827278537053
26.25248154560318
-26.409494748755407
25.82112493935044
-0.5819204066169184
0.6630145463899788
-21.58751047682384
20.376938515277608
-26.297192423332326
24.328107331500913
-25.48725830181179
-25.55784798454442
4.655540006125323
-25.849911254569403
-25.808861419664662
-25.567549365559902
-25.217856009844226
-1.6874612577645307
-25.64811648417382
-15.725382541218597
15.52012484741629
-15.45063439448009
13.862738765694377
-13.86273876569365
17.029570345679414
-18.962490390844486
23.97963809121568
-26.091672523293063
26.26811310394757
-26.222120394866725
25.442267271253904
4.3192531969029275
25.928925921100646
26.268043599069696
1.113112009940859
1.624817883088399
21.610826206355004
-10.309758351767853
25.651894961670425
14.24847095130538
25.910018185134795
26.081488841893147
25.9613291111972
25.33044777882627
26.064287065113795
8.849280530990356
-16.323012172588374
12.387155359168842
-25.464760148663274
-25.36059261935719
-10.17758057241602
-26.433345731317793
2.182690185512086
-10.95720109344863
10.901159155544697
-16.570992756939578
15.148667897195828
-26.280827278537053
26.25248154560318
-26.409494748755407
25.82112493935044
-0.5819204066169184
0.6630145463899788
-21.58751047682384
20.376938515277608
-26.297192423332326
24.328107331500913
-25.48725830181179
-25.55784798454442
4.655540006125323
-25.849911254569403
-25.808861419664662
-25.567549365559902
-25.217856009844226
-1.6874612577645307
-25.64811648417382
-15.725382541218597
15.52012484741629
-15.45063439448009
13.862738765694377
-13.86273876569365
17.029570345679414
-18.962490390844486
26.237654411244822
-26.19249624674712
18.32106592105773
-17.42542435061054
25.404249788468885
8.464948377415972
11.256936194924744
25.91163328374441
26.04799333654829
26.115340902203286
26.085519085849388
-26.006992342431502
21.610826206355004
-10.309758351767853
25.651894961670425
14.24847095130538
25.910018185134795
26.081488841893147
25.9613291111972
25.33044777882627
26.064287065113795
8.849280530990356
-16.323012172588374
12.387155359168842
-25.464760148663274
-25.36059261935719
-10.17758057241602
-26.433345731317793
2.182690185512086
-10.95720109344863
10.901159155544697
-16.570992756939578
15.148667897195828
-26.280827278537053
26.25248154560318
-26.409494748755407
25.82112493935044
-0.5819204066169184
0.6630145463899788
-21.58751047682384
20.376938515277608
-26.297192423332326
24.328107331500913
-25.48725830181179
-25.55784798454442
4.655540006125323
-25.849911254569403
-25.82963944851679
-25.61730421080666
-25.215967842815743
-1.6874612577645307
9.944634689805909
2.4835477001033532
-0.4555993383106723
7.686462901011082
4.931986319997538
25.987666854513673
25.877517572228342
25.558016338899023
26.371390177483836
9.866790012549341
3.697641812318248
9.944634689805909
2.4835477001033532
-0.4555993383106723
7.686462901011082
4.931986319997538
25.987666854513673
25.877517572228342
25.558016338899023
25.430209035050986
25.633970156940286
11.865724919902057
0.2895765229633288
5.695639976242255
1.977450743541302
22.58684326209668
9.944634689805909
2.4835477001033532
-0.4555993383106723
7.686462901011082
4.931986319997538
25.987666854513673
25.877517572228342
25.558016338899023
25.430209035050986
25.633970156940286
11.865724919902057
0.2895765229633288
5.695639976242255
1.977450743541302
22.58684326209668
20.085014268544892
-11.19360228107371
9.944634689805909
2.4835477001033532
-0.4555993383106723
7.686462901011082
4.931986319997538
25.987666854513673
25.877517572228342
25.558016338899023
25.430209035050986
25.633970156940286
11.865724919902057
0.2895765229633288
5.695639976242255
-2.0215425911789002
-25.27030889401134
-25.068770965472062
-26.25255543516077
-0.5270128666205142
25.70587985715918
1.323511983199786
-25.7737673684566
20.083841171798323
-25.759250718820955
3.760996937714512
-8.978269390559388
9.944634689805909
2.4835477001033532
-0.4555993383106723
7.686462901011082
4.931986319997538
25.987666854513673
25.877517572228342
25.558016338899023
25.430209035050986
25.633970156940286
11.865724919902057
0.2895765229633288
5.695639976242255
-2.0215425911789002
-25.27030889401134
-25.068770965472062
-26.25255543516077
-0.5270128666205142
25.70587985715918
1.323511983199786
-25.7737673684566
20.083841171798323
-22.39748415288354
-26.12013250754093
4.882455955100736
25.80747140167583
25.919794993911214
-5.13540494521954
25.81914990294964
9.944634689805909
2.4835477001033532
-0.4555993383106723
7.686462901011082
4.931986319997538
25.987666854513673
25.877517572228342
25.558016338899023
25.430209035050986
25.633970156940286
11.865724919902057
0.2895765229633288
5.695639976242255
-2.0215425911789002
-25.27030889401134
-25.067585057873227
-26.25255543516077
-0.5270128666205142
25.70587985715918
1.323511983199786
-25.7737673684566
20.083841171798323
-22.39748415288354
-26.12013250754093
4.882455955100736
25.296139890310307
25.759250718820503
-2.424124786689825
1.8361463056779823
25.737529774308708
9.944634689805909
2.4835477001033532
-0.4555993383106723
7.686462901011082
4.931986319997538
25.987666854513673
25.877517572228342
25.558016338899023
25.430209035050986
25.633970156940286
11.865724919902057
0.2895765229633288
5.695639976242255
-2.0215425911789002
-25.27030889401134
-25.067585057873227
-26.25255543516077
-0.5270128666205142
25.70587985715918
1.323511983199786
-25.7737673684566
20.083841171798323
-22.39748415288354
-26.12013250754093
4.882455955100736
25.296139890310307
25.759250718820503
-2.424124786689825
9.944634689805909
2.4835477001033532
-0.4555993383106723
7.686462901011082
4.931986319997538
25.987666854513673
25.877517572228342
25.558016338899023
25.430209035050986
25.633970156940286
11.865724919902057
0.2895765229633288
5.695639976242255
-2.0215425911789002
-25.27030889401134
-25.067585057873227
-26.25255543516077
-0.5270128666205142
25.70587985715918
1.323511983199786
-25.7737673684566
20.083841171798323
-22.39748415288354
-26.12013250754093
4.882455955100736
25.296139890310307
25.759250718820503
-2.424124786689825
2.3934319927387
-7.807912060938554
-10.988894630638276
-10.611369263532124
-17.890785064655727
26.41264608484025
-5.289295641949876
9.524269029899125
0.43911818386136686
25.46722861373876
25.163087656616526
-7.930229088636301
25.5025353708675
17.85752141196464
-21.786818252493667
24.12664938839721
-26.302880919823615
25.38532714266404
-26.414873135254144
26.07987327859456
25.739707057622745
25.52011510942437
25.512139780110022
-1.9802549803076044
25.912847702649845
25.47585346419334
26.379682883480218
4.413157646155463
17.859340318026977
-25.564106647435427
-25.521412116733938
-25.388480820110516
-20.140662439596433
8.937804812465167
-9.180481466406318
5.197136335191281
-26.26068485247701
-26.0562648124559
-17.890785064655727
26.41264608484025
-5.289295641949876
9.524269029899125
0.43911818386136686
25.46722861373876
25.163087656616526
-7.930229088636301
25.5025353708675
17.85752141196464
-21.786818252493667
24.12664938839721
-26.302880919823615
25.38532714266404
-26.414873135254144
26.07987327859456
25.739707057622745
25.52011510942437
25.512139780110022
-1.9802549803076044
25.912847702649845
25.47585346419334
26.379682883480218
4.413157646155463
17.859340318026977
-25.564106647435427
-25.521412116733938
-25.388480820110516
-20.140662439596433
8.937804812465167
-9.180481466406318
5.197136335191281
-26.27482878742963
-25.58910546145386
-26.256008974978265
1.5752113370360399
-26.401610509965916
21.00874866749905
-23.125416337945214
23.007729066907945
-25.668432822182034
26.333825226754424
-26.075773556285373
-25.91526276380461
-25.394767212397085
-11.408563684225129
-26.337168379915607
18.33331722518013
-13.414881466925149
25.42468241059208
25.583889324204126
25.567488350727434
-2.180913658797206
26.115862674241455
-3.0135696504321565
25.815497906141772
25.261737443616127
-26.167386780384255
-17.890785064655727
26.41264608484025
-5.289295641949876
9.524269029899125
0.43911818386136686
25.46722861373876
25.163087656616526
-7.930229088636301
25.5025353708675
17.85752141196464
-21.786818252493667
24.12664938839721
-26.302880919823615
25.38532714266404
-26.414873135254144
26.07987327859456
25.739707057622745
25.52011510942437
25.512139780110022
-1.9802549803076044
25.912847702649845
25.47585346419334
26.379682883480218
4.413157646155463
17.859340318026977
-25.564106647435427
-25.521412116733938
-25.388480820110516
-20.140662439596433
8.937804812465167
-9.180481466406318
5.197136335191281
-26.27482878742963
-25.58910546145386
-26.256008974978265
1.5752113370360399
-26.401610509965916
21.00874866749905
-23.125416337945214
23.007729066907945
-25.668432822182034
26.333825226754424
-26.075773556285373
-25.91526276380461
-25.353289510601435
-11.408563684225129
-26.337168379915607
18.33331722518013
-13.414881466925149
25.362537441028664
25.52457674435583
25.727848027360604
-1.3199744200844528
25.590089486752856
25.637798525968027
25.238884751659732
25.854997610304633
16.72509595901339
-11.435271542161201
-3.7695369661152682
-1.4073171386804253
-26.0455507848374
-18.02153579082832
-23.646963340579948
-26.211350108939182
-25.67294577421547
-25.171538826752514
-17.744965032032013
-1.1312794009235547
-5.411927041774124
6.416875158347793
-7.985924311884064
7.26651067295125
-13.810092957867338
6.3180599205383094
-7.253830586948191
-12.697288373443245
-7.247248581113814
-17.890785064655727
26.41264608484025
-5.289295641949876
9.524269029899125
0.43911818386136686
25.46722861373876
25.163087656616526
-7.930229088636301
25.5025353708675
17.85752141196464
-21.786818252493667
24.12664938839721
-26.302880919823615
25.38532714266404
-26.414873135254144
26.07987327859456
25.739707057622745
25.52011510942437
25.512139780110022
-1.9802549803076044
25.912847702649845
25.47585346419334
26.379682883480218
4.413157646155463
17.859340318026977
-25.564106647435427
-25.521412116733938
-25.388480820110516
-20.140662439596433
8.937804812465167
-9.180481466406318
5.197136335191281
-26.27482878742963
-25.58910546145386
-26.256008974978265
1.5752113370360399
-26.401610509965916
21.00874866749905
-23.125416337945214
23.007729066907945
-25.668432822182034
26.333825226754424
-26.075773556285373
-25.91526276380461
-25.353289510601435
-11.408563684225129
-26.337168379915607
18.33331722518013
-13.414881466925149
25.362537441028664
25.52457674435583
25.727848027360604
-1.3199744200844528
25.590089486752856
25.637798525968027
25.238884751659732
25.854997610304633
16.72509595901339
-11.435271542161201
-3.7695369661152682
-1.4073171386804253
-26.0455507848374
-18.02153579082832
-23.646963340579948
-26.211350108939182
-25.67294577421547
-25.171538826752514
-17.744965032032013
-1.1312794009235547
-5.411927041774124
6.416875158347793
-7.985924311884064
7.26651067295125
-13.810092957867338
6.3180599205383094
-7.253830586948191
-12.697288373443245
-7.247248581113814
-17.890785064655727
26.41264608484025
-5.289295641949876
9.524269029899125
0.43911818386136686
25.46722861373876
25.163087656616526
-7.930229088636301
25.5025353708675
17.85752141196464
-21.786818252493667
24.12664938839721
-26.302880919823615
25.38532714266404
-26.414873135254144
26.07987327859456
25.739707057622745
25.52011510942437
25.512139780110022
-1.9802549803076044
25.912847702649845
25.47585346419334
26.379682883480218
4.413157646155463
17.859340318026977
-25.564106647435427
-25.521412116733938
-25.388480820110516
-20.140662439596433
8.937804812465167
-9.180481466406318
5.197136335191281
-26.27482878742963
-25.58910546145386
-26.256008974978265
1.5752113370360399
-26.401610509965916
21.00874866749905
-23.125416337945214
23.007729066907945
-25.668432822182034
26.333825226754424
-26.075773556285373
-25.91526276380461
-25.353289510601435
-11.408563684225129
-26.337168379915607
18.33331722518013
-13.414881466925149
25.362537441028664
25.52457674435583
25.727848027360604
-1.3199744200844528
25.590089486752856
25.637798525968027
25.238884751659732
25.854997610304633
16.72509595901339
-11.435271542161201
-3.7695369661152682
-1.4073171386804253
-26.0455507848374
-18.02153579082832
-23.646963340579948
-26.211350108939182
-25.67294577421547
-25.171538826752514
-17.744965032032013
-1.1312794009235547
-5.411927041774124
6.416875158347793
-7.985924311884064
7.26651067295125
-13.810092957867338
6.3180599205383094
-7.253830586948191
-12.697288373443245
-7.247248581113814
-17.890785064655727
26.41264608484025
-5.289295641949876
9.524269029899125
0.43911818386136686
25.46722861373876
25.163087656616526
-7.930229088636301
25.5025353708675
17.85752141196464
-21.786818252493667
24.12664938839721
-26.302880919823615
25.38532714266404
-26.414873135254144
26.07987327859456
25.739707057622745
25.52011510942437
25.512139780110022
-1.9802549803076044
25.912847702649845
25.47585346419334
26.379682883480218
4.413157646155463
17.859340318026977
-25.564106647435427
-25.521412116733938
-25.388480820110516
-20.140662439596433
8.937804812465167
-9.180481466406318
5.197136335191281
-26.27482878742963
-25.58910546145386
-26.256008974978265
1.5752113370360399
-26.401610509965916
21.00874866749905
-23.125416337945214
23.007729066907945
-25.668432822182034
26.333825226754424
-26.075773556285373
-25.91526276380461
-25.353289510601435
-11.408563684225129
-26.337168379915607
18.33331722518013
-13.414881466925149
25.362537441028664
25.52457674435583
25.727848027360604
-1.3199744200844528
25.590089486752856
25.637798525968027
25.238884751659732
25.854997610304633
16.72509595901339
-11.435271542161201
-3.7695369661152682
-1.4073171386804253
-26.0455507848374
-18.02153579082832
-23.646963340579948
-26.211350108939182
-25.67294577421547
-25.171538826752514
-17.744965032032013
-1.1312794009235547
-5.411927041774124
6.416875158347793
-7.985924311884064
7.26651067295125
-13.810092957867338
6.3180599205383094
-7.253830586948191
-12.697288373443245
-7.247248581113814
7.632436621030127
-2.6468994841233737
14.841738376074954
-0.04609999339496069
2.7081579367693784
25.294105583810687
26.435363517936008
-6.581218979498062
14.61152613655696
-8.364653970409872
16.4238246849975
-7.330679912010277
11.311293085315317
-6.264768672939006
10.9136716272494
-12.270095704428078
2.1096990613565514
1.7222170260278329
4.020421141901606
8.298932085742559
-3.5676924682454167
5.9165745639739065
26.21606420975771
26.385279134096358
26.086419899133787
25.6328733171013
25.09769800461498
23.26249701812627
-5.194589691722929
26.051259945777435
-6.655693987340898
2.821223302247678
-7.077560063346662
-3.2344367301306267
2.3488893880223585
-9.333887024350325
11.237566186172844
-25.490306265236082
2.4870035931627954
-25.54965110491965
11.081952409561723
-25.653514151806675
-25.694379628676934
-25.71535925613424
-25.40355359645934
9.340446275607777
-25.101966102326934
-26.185568889700537
8.240951676017069
-10.734152381300932
7.86912523698431
-9.524552576684302
1.2328360863843322
-3.0287010385851536
9.940902211605017
-8.91288267164361
4.097143848921047
-15.242357718350313
9.41916196380882
-25.300835290570827
17.165345084390133
-25.46443976494763
-26.40056362266506
13.71522866258912
-23.11636010881398
6.361206364348183
-12.10092428648572
-4.858766712256521
-3.9940092886341114
4.144841590333348
-6.8710201730405895
-4.66857493008297
-4.871347939427024
