48.33318765842149
48.33318765842149
48.33318765842149
49.044076479690645
49.8585835360662
55.237495088788314
55.032499948433085
54.005684104461984
32.58450977821832
15.000000000000094
54.84662890763067
48.362736020478614
48.33318765842149
48.33318765842149
48.33480579510057
52.18479736385903
55.969790210170764
15.000000000000037
56.119482207204854
15.00000000000005
55.48467453134173
55.21053216473184
51.69546081676284
48.33318765842149
48.9305112126596
48.711549642361376
51.9427837547071
52.66246279667007
54.274474062281975
15.000000000000064
30.581342163446976
55.373372408527224
51.09813824921397
48.33318765842149
48.33318765842149
49.67267079564635
51.84051393890395
53.652827155709325
15.000000000000002
15.000000000000028
15.000000000000043
14.99999999999992
54.583793701058205
48.33318765842149
50.39038239500034
48.35991525909729
48.33318765842149
51.630009162558494
50.9327238336905
53.445998075480645
15.000000000000012
15.000000000000021
15.000000000000009
15.000000000000002
14.99999999999996
48.33318765842149
48.33318765842149
54.382937558167505
48.33318765842149
48.33900871747423
51.83463162872532
50.56754266068528
48.796062113467286
15.000000000000043
19.82659357984959
55.23858850936064
55.916883230364434
52.600098839678886
48.33318765842149
48.38440206967105
48.33318765842149
49.18204351409669
53.487472648560264
14.99999999999998
15.000000000000007
14.826742541822494
48.33318765842149
49.268777636639896
48.33318765842149
54.77772082387057
48.33318765842149
49.10346968648232
51.85643757068485
53.915884390112296
15.000000000000071
48.33318765842149
48.33318765842149
48.33318765842149
48.33318765842149
53.475228514221065
48.33318765842149
48.33318765842149
48.33318765842149
48.33318765842149
48.33318765842149
50.30436905773411
48.970859056217606
14.99999999999996
56.038208796565534
54.857984330457235
54.957114659893975
53.493145767982156
18.690286339269704
55.31625297572271
49.676659539033075
48.33318765842149
48.33318765842149
48.33318765842149
48.83295981440755
48.35813348097919
55.3678989058233
49.51215763710563
24.00790533112622
52.6702891763468
48.33318765842149
56.04938052475846
48.33318765842149
48.33318765842149
50.618534012589826
56.232767170304065
14.999999999999952
14.999999999999996
55.916883230364434
18.007111709004175
56.20068981160673
29.461054177242403
48.33318765842149
50.32496739626772
53.52424296118452
14.99999999999994
53.90620458544939
14.999999999999986
56.01579064635924
14.999999999999957
31.451392684547738
49.530145837727574
48.33318765842149
50.95918709864504
55.07004212363222
54.97987864926935
54.64397409323663
48.33318765842149
49.562904237174585
55.58069787733795
15.000000000000002
50.411467560504406
48.33318765842149
48.33318765842149
48.33318765842149
48.33318765842149
48.33318765842149
48.33318765842149
48.34110808315395
50.21850896426775
55.661180579590834
15.000000000000005
4.99999999999999
4.999999999999998
50.59393423234374
48.33318765842149
51.357024346988254
48.33318765842149
48.33318765842149
48.33318765842149
48.33318765842149
15.00000000000002
53.66761921355971
48.33318765842149
48.33318765842149
48.33318765842149
48.33318765842149
48.33318765842149
48.33318765842149
51.357024346988254
48.33329155130785
55.78900274070449
48.342929290266184
48.33318765842149
53.307049538106334
48.33318765842149
48.33318765842149
48.33318765842149
50.82139042381968
53.28404688773415
48.33318765842149
48.33318765842149
48.33318765842149
53.99688336408973
48.33318765842149
53.56636518260972
15.000000000000004
50.40310777215006
54.96228566734109
15.00000000000003
14.999999999999998
8.873148690891346
5.000000000000004
4.999999999999993
5.000000000000004
50.59393423234374
48.33318765842149
51.357024346988254
48.33318765842149
48.33318765842149
48.33318765842149
48.33318765842149
15.00000000000002
53.66761921355971
48.33318765842149
48.33318765842149
48.33318765842149
48.33318765842149
48.33318765842149
48.33318765842149
51.357024346988254
48.33329155130785
55.78900274070449
48.342929290266184
48.33318765842149
53.307049538106334
48.33318765842149
48.33318765842149
48.33318765842149
50.82139042381968
53.28404688773415
48.33318765842149
48.33318765842149
48.33318765842149
53.99688336408973
48.33318765842149
53.56636518260972
15.000000000000004
50.40310777215006
54.96228566734109
15.00000000000003
14.999999999999998
8.873148690891346
5.000000000000004
4.999999999999993
5.000000000000004
51.388818269697296
48.33318765842149
30.11159759034666
48.33318765842149
54.07499075543635
55.194608075661066
56.10067247668551
52.75984592764461
48.33318765842149
48.33318765842149
55.667916580518074
48.33318765842149
53.91912298793459
50.54678632658894
49.780310701298625
55.135177951352624
15.000000000000027
53.71774916856661
21.85268875443517
53.342475265959415
48.33318765842149
55.547207335583636
50.19631576755
51.388818269697296
48.33318765842149
30.11159759034666
48.33318765842149
54.07499075543635
55.194608075661066
56.10067247668551
52.75984592764461
48.33318765842149
48.33318765842149
55.667916580518074
48.33318765842149
53.91912298793459
50.54678632658894
49.780310701298625
55.135177951352624
15.000000000000027
53.71774916856661
21.85268875443517
53.342475265959415
48.33318765842149
55.547207335583636
50.19631576755
51.388818269697296
48.33318765842149
30.11159759034666
48.33318765842149
54.07499075543635
55.194608075661066
56.10067247668551
52.75984592764461
48.33318765842149
48.33318765842149
55.667916580518074
48.33318765842149
53.91912298793459
50.54678632658894
49.780310701298625
55.135177951352624
15.000000000000027
53.71774916856661
21.85268875443517
53.342475265959415
48.33318765842149
49.08661582667804
53.342475265959415
15.000000000000032
48.33318765842149
48.33318765842149
48.33318765842149
52.410912546592314
15.000000000000034
5.000000000000001
4.999999999999996
51.388818269697296
48.33318765842149
30.11159759034666
48.33318765842149
54.07499075543635
55.194608075661066
56.10067247668551
52.75984592764461
48.33318765842149
48.33318765842149
55.667916580518074
48.33318765842149
53.91912298793459
50.54678632658894
49.780310701298625
55.135177951352624
15.000000000000027
53.71774916856661
21.85268875443517
53.342475265959415
48.33318765842149
49.066938564188085
53.342475265959415
15.000000000000032
48.33318765842149
48.33318765842149
48.33318765842149
48.768904015552856
52.606309771716376
15.000000000000048
14.999999999999995
15.000000000000023
52.255159989083
48.624431268440404
51.03177094841749
50.110782480207796
54.48419447952482
14.999999999999975
48.33318765842149
48.33318765842149
48.33318765842149
43.25070111998606
54.05403685779559
48.33318765842149
52.237487083187204
48.33318765842149
50.32394798097891
49.17483628377018
49.45002435210046
55.69263614727455
15.000000000000037
15.000000000000018
56.13946751215388
48.33318765842149
49.15403260260919
40.67969206533424
54.760784054835526
15.000000000000018
55.772920855339386
29.011371861781818
52.238590050586474
49.03349249865129
50.235845321352514
56.21825625242698
15.000000000000028
53.40030333337731
48.33318765842149
48.85652459947529
53.953782090806165
15.00000000000003
15.000000000000012
14.963753467472685
4.999999999999995
4.999999999999997
14.823381604930905
4.999999999999991
51.388818269697296
48.33318765842149
30.11159759034666
48.33318765842149
54.07499075543635
55.194608075661066
56.10067247668551
52.75984592764461
48.33318765842149
48.33318765842149
55.667916580518074
48.33318765842149
53.91912298793459
50.54678632658894
49.780310701298625
55.135177951352624
15.000000000000027
53.71774916856661
21.85268875443517
53.342475265959415
48.33318765842149
49.066938564188085
53.342475265959415
15.000000000000032
48.33318765842149
48.33318765842149
48.33318765842149
48.768904015552856
52.606309771716376
15.000000000000048
14.999999999999995
15.000000000000023
52.255159989083
48.624431268440404
51.03177094841749
50.110782480207796
54.48419447952482
14.999999999999975
48.33318765842149
48.33318765842149
48.33318765842149
43.25070111998606
54.05403685779559
48.33318765842149
52.237487083187204
48.33318765842149
50.32394798097891
49.17483628377018
49.45002435210046
55.69263614727455
15.000000000000037
15.000000000000018
56.13946751215388
48.33318765842149
49.15403260260919
40.67969206533424
54.760784054835526
15.000000000000018
55.772920855339386
29.011371861781818
52.238590050586474
49.03349249865129
50.235845321352514
56.21825625242698
15.000000000000028
53.40030333337731
48.33318765842149
48.85652459947529
53.953782090806165
15.00000000000003
15.000000000000012
14.963753467472685
4.999999999999995
4.999999999999997
14.823381604930905
4.999999999999991
53.83664228334423
48.61083584319029
48.33318765842149
50.10981738713561
48.34204537489529
48.399102955393936
53.690481571125794
51.502372133129086
15.000000000000004
55.35541852569238
50.593661512797375
55.257576386881745
48.33318765842149
48.33318765842149
15.000000000000009
48.36728587599168
52.90254011787816
14.999999999999996
54.194334442643004
48.495114842198795
21.26048389166488
50.570801962286815
52.61097863940642
14.999999999999936
54.51070186830206
15.000000000000009
53.10497028086424
28.13126621282501
50.82511022408815
14.999999999999975
52.84618377702686
50.47459139650359
14.999999999999988
15.000000000000037
55.41038998571079
53.86204615388191
53.18487781534417
48.37713422547529
51.71368007949186
27.88247753827661
14.999999999999996
48.33318765842149
55.85323827018064
55.224997239062255
48.33318765842149
48.33318765842149
48.33318765842149
48.33318765842149
48.711549642361376
48.33318765842149
52.74093292279297
52.51385588179415
53.030538584881704
15.000000000000021
14.999999999999972
14.999999999999991
15.000000000000009
53.83664228334423
48.61083584319029
48.33318765842149
50.10981738713561
48.34204537489529
48.399102955393936
53.690481571125794
51.502372133129086
15.000000000000004
55.35541852569238
50.593661512797375
55.257576386881745
48.33318765842149
48.33318765842149
15.000000000000009
48.36728587599168
52.90254011787816
14.999999999999996
54.194334442643004
48.495114842198795
21.26048389166488
50.570801962286815
52.61097863940642
14.999999999999936
54.51070186830206
15.000000000000009
53.10497028086424
28.13126621282501
50.82511022408815
14.999999999999975
52.84618377702686
50.47459139650359
14.999999999999988
15.000000000000037
55.41038998571079
53.86204615388191
53.18487781534417
48.37713422547529
51.71368007949186
27.88247753827661
14.999999999999996
48.33318765842149
55.85323827018064
55.224997239062255
48.33318765842149
48.33318765842149
48.33318765842149
48.33318765842149
48.711549642361376
48.33318765842149
52.74093292279297
52.51385588179415
53.030538584881704
15.000000000000021
14.999999999999972
14.999999999999991
15.000000000000009
53.83664228334423
48.61083584319029
48.33318765842149
50.10981738713561
48.34204537489529
48.399102955393936
53.690481571125794
51.502372133129086
15.000000000000004
55.35541852569238
50.488369050817155
55.257576386881745
52.49440090914309
14.999999999999947
15.000000000000096
22.888133420931847
54.4332469433883
15.000000000000037
48.33318765842149
15.000000000000075
50.219992475140764
53.53124015355963
53.847080194406566
14.999999999999986
15.00000000000002
54.50382092702894
51.19283462635551
15.000000000000027
55.53158097428083
51.54914804744831
15.000000000000046
35.257468121797594
51.920772050496986
55.851520414566835
51.17563254473223
48.33318765842149
51.72516575023136
53.83664228334423
48.61083584319029
48.33318765842149
50.10981738713561
48.34204537489529
48.399102955393936
53.690481571125794
51.502372133129086
15.000000000000004
55.35541852569238
50.488369050817155
55.257576386881745
52.49440090914309
14.999999999999947
15.000000000000096
22.888133420931847
54.4332469433883
15.000000000000037
48.33318765842149
15.000000000000075
50.219992475140764
53.53124015355963
53.847080194406566
14.999999999999986
15.00000000000002
54.50382092702894
51.19283462635551
15.000000000000027
55.53158097428083
51.54914804744831
15.000000000000046
35.257468121797594
51.920772050496986
55.851520414566835
51.25869396962844
48.33318765842149
50.723023379906856
15.000000000000055
37.27929766203382
54.46703287791225
48.33318765842149
48.33318765842149
48.33318765842149
48.33318765842149
48.33318765842149
48.47974600236008
50.61032216156324
52.706730635522604
54.26681643370434
15.00000000000007
15.0
15.0
14.999636909396708
52.66285420179986
48.33318765842149
48.33318765842149
48.33318765842149
48.36310326273014
38.24507962490061
15.000000000000021
15.000000000000055
55.93559192183166
52.66285420179986
48.33318765842149
48.33318765842149
48.3838387059194
52.293193647824644
16.998621618593294
14.999999999999972
15.000000000000016
14.983081106250918
52.66285420179986
48.33318765842149
48.33318765842149
48.33318765842149
48.54858115526573
48.6217264382497
50.41329715893175
53.070174252581566
14.999999999999929
54.623390315143176
55.83891202031879
48.33318765842149
14.999999999999996
52.31986626903271
48.5991590061819
53.21286837906444
15.000000000000028
15.000000000000014
14.962810028520622
52.66285420179986
48.33318765842149
48.33318765842149
48.33318765842149
48.54858115526573
48.6217264382497
50.41329715893175
53.070174252581566
14.999999999999929
54.623390315143176
55.83891202031879
48.33318765842149
14.999999999999996
52.31986626903271
48.33318765842149
48.33318765842149
49.476760253159256
54.515629876093165
14.999999999999993
14.974305908938671
48.33318765842149
48.33318765842149
48.33318765842149
48.33318765842149
48.33318765842149
48.33318765842149
48.33318765842149
48.33318765842149
48.33318765842149
48.33318765842149
48.33318765842149
48.33318765842149
48.33318765842149
48.33318765842149
48.33318765842149
48.33318765842149
48.33318765842149
48.33318765842149
48.33318765842149
48.33318765842149
48.33900871747423
50.934777996741445
56.26431374921151
14.908674624230919
48.33318765842149
48.33318765842149
48.33318765842149
48.33318765842149
48.33318765842149
54.751161032385845
48.33318765842149
48.33318765842149
48.33318765842149
48.33318765842149
49.007995177398534
48.33318765842149
48.33318765842149
15.000000000000009
48.33318765842149
48.33318765842149
48.33318765842149
48.33318765842149
48.33318765842149
54.751161032385845
48.33318765842149
48.33318765842149
48.33318765842149
48.33318765842149
49.007995177398534
48.33318765842149
48.33318765842149
15.000000000000009
48.33318765842149
48.416074250510526
48.33318765842149
48.46236374811564
49.23939685673694
48.33318765842149
50.7497727000509
48.33318765842149
48.33318765842149
48.33318765842149
48.33318765842149
48.33318765842149
51.842591802464895
55.85553450466217
14.99999999999999
48.33318765842149
48.33318765842149
49.46846197091064
53.60554110686838
15.000000000000037
55.3678989058233
48.33318765842149
48.33318765842149
48.33318765842149
48.33318765842149
50.24234037697322
54.5353154942933
14.999999999999964
14.999999999999998
15.000000000000005
14.999999999999975
14.999999999999998
15.00000000000001
48.33318765842149
48.416074250510526
48.33318765842149
48.46236374811564
49.23939685673694
48.33318765842149
50.7497727000509
48.33318765842149
48.33318765842149
48.33318765842149
48.33318765842149
48.33318765842149
51.842591802464895
55.85553450466217
14.99999999999999
48.33318765842149
48.33318765842149
49.46846197091064
53.60554110686838
15.000000000000037
55.3678989058233
48.33318765842149
48.33318765842149
48.33318765842149
48.33318765842149
50.24234037697322
54.5353154942933
14.999999999999964
14.999999999999998
15.000000000000005
14.999999999999975
14.999999999999998
15.00000000000001
48.33318765842149
48.416074250510526
48.33318765842149
48.46236374811564
49.23939685673694
48.33318765842149
50.7497727000509
48.33318765842149
48.33318765842149
48.33318765842149
48.33318765842149
48.33318765842149
51.842591802464895
55.85553450466217
14.99999999999999
48.33318765842149
48.33318765842149
49.46846197091064
53.60554110686838
15.000000000000037
55.3678989058233
48.33318765842149
48.33318765842149
48.33318765842149
48.33318765842149
50.24234037697322
54.5353154942933
14.999999999999964
14.999999999999998
15.000000000000005
14.999999999999975
14.999999999999998
15.00000000000001
50.03463259508415
48.393790654636796
54.383427987622454
53.70486518638617
55.3080577706296
33.75756098077438
14.999999999999973
56.254598830429146
50.03463259508415
48.393790654636796
54.383427987622454
53.70486518638617
55.3080577706296
33.75756098077438
14.999999999999973
56.254598830429146
56.19090565430664
48.33318765842149
48.82215049124297
48.343723090896034
54.56177368710215
54.67410945773499
54.23960394674967
15.000000000000025
48.33318765842149
48.33318765842149
48.33318765842149
48.52685364476472
48.33318765842149
49.73706156994414
53.64881681908577
48.33318765842149
54.85679362284656
48.33318765842149
48.33531144217329
51.80671642121473
48.33318765842149
55.443054052925646
49.96537702691066
14.999999999999991
15.00000000000003
54.96280397129096
15.00000000000001
15.000000000000004
15.000000000000012
14.999999999999943
53.83483328830537
15.000000000000059
48.33318765842149
48.33318765842149
48.33318765842149
48.33318765842149
48.33318765842149
48.33318765842149
48.33318765842149
48.933468785296064
53.252178195833814
51.23292351413313
48.33318765842149
22.864687973018906
50.61333323353775
55.11450584194036
15.000000000000014
14.997423068254559
50.03463259508415
48.393790654636796
54.383427987622454
53.70486518638617
55.3080577706296
33.75756098077438
14.999999999999973
56.254598830429146
56.19090565430664
48.33318765842149
48.82215049124297
48.343723090896034
54.56177368710215
54.67410945773499
54.23960394674967
15.000000000000025
48.33318765842149
48.33318765842149
48.33318765842149
48.52685364476472
48.33318765842149
49.73706156994414
53.64881681908577
48.33318765842149
54.85679362284656
48.33318765842149
48.33531144217329
51.80671642121473
48.33318765842149
55.443054052925646
49.96537702691066
14.999999999999991
15.00000000000003
54.96280397129096
15.00000000000001
15.000000000000004
15.000000000000012
14.999999999999943
53.83483328830537
15.000000000000059
48.33318765842149
48.33318765842149
48.33318765842149
48.33318765842149
48.33318765842149
48.33318765842149
48.33318765842149
48.933468785296064
53.252178195833814
51.23292351413313
48.33318765842149
14.99999999999994
53.073896209584404
14.999999999999915
55.29449300927771
14.989793002323932
5.000000000000004
50.03463259508415
48.393790654636796
54.383427987622454
53.70486518638617
55.3080577706296
33.75756098077438
14.999999999999973
56.254598830429146
56.19090565430664
48.33318765842149
48.82215049124297
48.343723090896034
54.56177368710215
54.67410945773499
54.23960394674967
15.000000000000025
48.33318765842149
48.33318765842149
48.33318765842149
48.52685364476472
48.33318765842149
49.73706156994414
53.64881681908577
48.33318765842149
54.85679362284656
48.33318765842149
48.33531144217329
51.80671642121473
48.33318765842149
55.443054052925646
49.96537702691066
14.999999999999991
15.00000000000003
54.96280397129096
15.00000000000001
15.000000000000004
15.000000000000012
14.999999999999943
53.83483328830537
15.000000000000059
48.33318765842149
48.33318765842149
48.33318765842149
48.33318765842149
48.33318765842149
48.33318765842149
48.33318765842149
48.933468785296064
55.706436065625105
49.60008720832079
48.35007149126197
15.000000000000066
51.91378942996149
55.76378072453215
15.000000000000021
14.99999999999995
32.31804929743128
14.999999999999943
40.789265468874426
50.03463259508415
48.393790654636796
54.383427987622454
53.70486518638617
55.3080577706296
33.75756098077438
14.999999999999973
56.254598830429146
56.19090565430664
48.33318765842149
48.82215049124297
48.343723090896034
54.56177368710215
54.67410945773499
54.23960394674967
15.000000000000025
48.33318765842149
48.33318765842149
48.33318765842149
48.52685364476472
48.33318765842149
49.73706156994414
53.64881681908577
48.33318765842149
54.85679362284656
48.33318765842149
48.33531144217329
51.80671642121473
48.33318765842149
55.443054052925646
49.96537702691066
14.999999999999991
15.00000000000003
54.96280397129096
15.00000000000001
15.000000000000004
15.000000000000012
15.000000000000062
55.38531617687746
48.33318765842149
48.33318765842149
48.33318765842149
48.96051227052273
51.170722550130755
56.023493261249634
14.999999999999973
55.2100007456407
49.71460627035885
53.91912298793459
55.91305888432487
48.33318765842149
48.33318765842149
48.33318765842149
48.96051227052273
51.170722550130755
56.023493261249634
14.999999999999973
55.2100007456407
49.71460627035885
54.529863689758955
48.735123689031084
48.33318765842149
48.33318765842149
48.33318765842149
48.78438150354814
48.33318765842149
48.33318765842149
48.33318765842149
48.96051227052273
51.170722550130755
56.023493261249634
14.999999999999973
55.2100007456407
49.71460627035885
54.529863689758955
48.735123689031084
48.33318765842149
48.33318765842149
48.33318765842149
48.78438150354814
15.000000000000009
14.997385610257233
48.33318765842149
48.33318765842149
48.33318765842149
48.96051227052273
51.170722550130755
56.023493261249634
14.999999999999973
55.2100007456407
49.71460627035885
54.529863689758955
48.735123689031084
48.33318765842149
49.71170932804457
55.16119787761197
15.000000000000014
15.000000000000004
15.000000000000062
48.33318765842149
48.33318765842149
48.33318765842149
50.19631576755
15.000000000000018
15.000000000000039
15.000000000000002
14.937125268372661
48.33318765842149
48.33318765842149
48.33318765842149
48.96051227052273
51.170722550130755
56.023493261249634
14.999999999999973
55.2100007456407
49.71460627035885
54.529863689758955
48.735123689031084
48.33318765842149
49.71170932804457
55.16119787761197
15.000000000000014
15.000000000000004
15.000000000000062
48.33318765842149
48.33318765842149
48.33318765842149
50.19631576755
48.33318765842149
14.998902054559796
48.33318765842149
50.99019548083032
53.641730201105105
48.33318765842149
15.000000000000018
4.999999999999991
48.33318765842149
48.33318765842149
48.33318765842149
48.96051227052273
51.170722550130755
56.023493261249634
14.999999999999973
55.2100007456407
49.71460627035885
54.529863689758955
48.735123689031084
48.33318765842149
49.71170932804457
55.16119787761197
15.000000000000014
15.000000000000004
15.000000000000062
48.33318765842149
48.33318765842149
48.33318765842149
50.19631576755
48.33318765842149
14.998902054559796
48.33318765842149
50.99019548083032
53.641730201105105
48.33318765842149
15.000000000000014
15.000000000000016
14.595045116410587
48.33318765842149
48.33318765842149
48.33318765842149
48.96051227052273
51.170722550130755
56.023493261249634
14.999999999999973
55.2100007456407
49.71460627035885
54.529863689758955
48.735123689031084
48.33318765842149
49.71170932804457
55.16119787761197
15.000000000000014
15.000000000000004
15.000000000000062
48.33318765842149
48.33318765842149
48.33318765842149
50.19631576755
48.33318765842149
14.998902054559796
48.33318765842149
50.99019548083032
53.641730201105105
48.33318765842149
48.33318765842149
48.33318765842149
48.33318765842149
48.33318765842149
48.96051227052273
51.170722550130755
56.023493261249634
14.999999999999973
55.2100007456407
49.71460627035885
54.529863689758955
48.735123689031084
48.33318765842149
49.71170932804457
55.16119787761197
15.000000000000014
15.000000000000004
15.000000000000062
48.33318765842149
48.33318765842149
48.33318765842149
50.19631576755
48.33318765842149
14.998902054559796
48.33318765842149
50.99019548083032
53.641730201105105
48.33318765842149
48.33318765842149
48.3360289366916
51.03802801035717
56.166637397441505
14.998902054559796
48.33318765842149
51.37481146721852
48.33318765842149
50.91865499626917
53.61745388978907
14.999999999999993
34.90495052706676
50.42193548919209
15.000000000000032
48.33318765842149
48.409495632829724
48.51430366927943
48.33318765842149
52.51881618324547
53.36643223434058
15.000000000000009
15.000000000000005
14.999999999999996
14.999999999999963
51.845701026713186
14.999999999999968
14.999999999999936
52.6293629123551
48.33318765842149
49.812694089928
29.48348679806204
14.999999999999961
54.88271861803761
48.439008833097155
48.33318765842149
48.33318765842149
50.50644009541154
55.40710512494009
14.96827069912639
48.33318765842149
51.37481146721852
48.33318765842149
50.91865499626917
53.61745388978907
14.999999999999993
34.90495052706676
50.42193548919209
15.000000000000032
48.33318765842149
48.409495632829724
48.51430366927943
48.33318765842149
52.51881618324547
53.36643223434058
15.000000000000009
15.000000000000005
14.999999999999996
14.999999999999963
51.845701026713186
14.999999999999968
14.999999999999936
52.6293629123551
48.33318765842149
49.812694089928
29.48348679806204
14.999999999999961
54.88271861803761
48.439008833097155
48.33318765842149
48.81793740986799
51.857131691666346
14.999999999999943
14.999999999999977
55.52653971810589
48.33318765842149
51.82116407032643
48.33318765842149
48.33318765842149
48.33318765842149
50.09343908861399
50.53232402642327
15.000000000000046
15.000000000000018
31.072205332422097
54.20527780662339
51.98522053360731
50.49155457511233
48.358633458524146
54.704323810747404
55.706436065625105
15.000000000000034
50.26519270813627
45.45994847077021
52.64879333059965
14.999999999999984
15.000000000000064
54.091844151527106
48.33318765842149
51.37481146721852
48.33318765842149
50.91865499626917
53.61745388978907
14.999999999999993
34.90495052706676
50.42193548919209
15.000000000000032
48.33318765842149
48.409495632829724
48.51430366927943
48.33318765842149
52.51881618324547
53.36643223434058
15.000000000000009
15.000000000000005
14.999999999999996
14.999999999999963
51.845701026713186
14.999999999999968
14.999999999999936
52.6293629123551
48.33318765842149
49.812694089928
29.48348679806204
14.999999999999961
54.88271861803761
48.439008833097155
48.33318765842149
48.81793740986799
51.857131691666346
14.999999999999943
14.999999999999977
55.52653971810589
48.33318765842149
51.82116407032643
48.33318765842149
48.33318765842149
48.33318765842149
50.09343908861399
50.53232402642327
15.000000000000046
15.000000000000018
31.072205332422097
54.30700480651919
51.98522053360731
50.411728872345606
48.33318765842149
53.03671415487325
52.802526074175674
54.14870174538894
50.368998093480734
56.166637397441505
56.007539664533375
20.78448951008005
54.803913625879794
48.33318765842149
48.33318765842149
48.33318765842149
48.6284477937777
52.145372321520775
54.96487938175126
14.999999999999941
15.000000000000073
15.00000000000004
14.999999999999941
50.03016696314729
48.33318765842149
48.33318765842149
48.33318765842149
48.33318765842149
48.33318765842149
48.9950221201527
52.9620119596087
15.000000000000052
14.999999999999998
15.000000000000009
48.33318765842149
51.37481146721852
48.33318765842149
50.91865499626917
53.61745388978907
14.999999999999993
34.90495052706676
50.42193548919209
15.000000000000032
48.33318765842149
48.409495632829724
48.51430366927943
48.33318765842149
52.51881618324547
53.36643223434058
15.000000000000009
15.000000000000005
14.999999999999996
14.999999999999963
51.845701026713186
14.999999999999968
14.999999999999936
52.6293629123551
48.33318765842149
49.812694089928
29.48348679806204
14.999999999999961
54.88271861803761
48.439008833097155
48.33318765842149
48.81793740986799
51.857131691666346
14.999999999999943
14.999999999999977
55.52653971810589
48.33318765842149
51.82116407032643
48.33318765842149
48.33318765842149
48.33318765842149
50.09343908861399
50.53232402642327
15.000000000000046
15.000000000000018
31.072205332422097
54.30700480651919
51.98522053360731
50.411728872345606
48.33318765842149
53.03671415487325
52.802526074175674
54.14870174538894
50.368998093480734
56.166637397441505
56.007539664533375
20.78448951008005
54.803913625879794
48.33318765842149
48.33318765842149
48.33318765842149
48.6284477937777
52.145372321520775
54.96487938175126
14.999999999999941
15.000000000000073
15.00000000000004
14.999999999999941
50.03016696314729
48.33318765842149
48.33318765842149
48.33318765842149
48.33318765842149
48.33318765842149
48.9950221201527
52.9620119596087
15.000000000000052
14.999999999999998
15.000000000000009
48.33318765842149
51.37481146721852
48.33318765842149
50.91865499626917
53.61745388978907
14.999999999999993
34.90495052706676
50.42193548919209
15.000000000000032
48.33318765842149
48.409495632829724
48.51430366927943
48.33318765842149
52.51881618324547
53.36643223434058
15.000000000000009
15.000000000000005
14.999999999999996
14.999999999999963
51.845701026713186
14.999999999999968
14.999999999999936
52.6293629123551
48.33318765842149
49.812694089928
29.48348679806204
14.999999999999961
54.88271861803761
48.439008833097155
48.33318765842149
48.81793740986799
51.857131691666346
14.999999999999943
14.999999999999977
55.52653971810589
48.33318765842149
51.82116407032643
48.33318765842149
48.33318765842149
48.33318765842149
50.09343908861399
50.53232402642327
15.000000000000046
15.000000000000018
31.072205332422097
54.30700480651919
51.98522053360731
50.411728872345606
48.33318765842149
53.03671415487325
52.802526074175674
54.14870174538894
50.368998093480734
56.166637397441505
56.007539664533375
20.78448951008005
54.803913625879794
48.33318765842149
48.33318765842149
48.33318765842149
48.6284477937777
52.145372321520775
54.96487938175126
14.999999999999941
15.000000000000073
15.00000000000004
14.999999999999941
50.03016696314729
48.33318765842149
48.33318765842149
48.33318765842149
48.33318765842149
48.33318765842149
48.9950221201527
52.9620119596087
15.000000000000052
14.999999999999998
15.000000000000009
48.33318765842149
51.37481146721852
48.33318765842149
50.91865499626917
53.61745388978907
14.999999999999993
34.90495052706676
50.42193548919209
15.000000000000032
48.33318765842149
48.409495632829724
48.51430366927943
48.33318765842149
52.51881618324547
53.36643223434058
15.000000000000009
15.000000000000005
14.999999999999996
14.999999999999963
51.845701026713186
14.999999999999968
14.999999999999936
52.6293629123551
48.33318765842149
49.812694089928
29.48348679806204
14.999999999999961
54.88271861803761
48.439008833097155
48.33318765842149
48.81793740986799
51.857131691666346
14.999999999999943
14.999999999999977
55.52653971810589
48.33318765842149
51.82116407032643
48.33318765842149
48.33318765842149
48.33318765842149
50.09343908861399
50.53232402642327
15.000000000000046
15.000000000000018
31.072205332422097
54.30700480651919
51.98522053360731
50.411728872345606
48.33318765842149
53.03671415487325
52.802526074175674
54.14870174538894
50.368998093480734
56.166637397441505
56.007539664533375
20.78448951008005
54.803913625879794
48.33318765842149
48.33318765842149
48.33318765842149
48.6284477937777
52.145372321520775
54.96487938175126
14.999999999999941
15.000000000000073
15.00000000000004
14.999999999999941
50.03016696314729
48.33318765842149
48.33318765842149
48.33318765842149
48.33318765842149
48.33318765842149
48.9950221201527
52.9620119596087
15.000000000000052
14.999999999999998
15.000000000000009
48.33318765842149
48.33318765842149
48.68736934369193
48.33318765842149
50.33108849642417
54.94004628308484
53.59937831553539
48.33318765842149
49.936350169853284
48.33318765842149
50.2483570594738
48.33318765842149
48.33318765842149
48.33318765842149
48.33318765842149
48.33318765842149
48.33318765842149
48.33318765842149
48.33318765842149
48.33318765842149
48.33318765842149
51.297934695235945
55.69263614727455
14.999999999999998
14.999999999999993
14.999999999999941
55.85553450466217
53.2049357070372
48.33318765842149
50.75316558003071
48.33318765842149
48.33318765842149
48.33318765842149
48.33318765842149
48.33318765842149
48.33318765842149
48.33318765842149
50.10716373730204
48.33318765842149
50.09367954059503
48.33318765842149
53.52555299052707
52.0824213166489
50.937421000373476
51.27248125691545
49.032124380515896
27.405959859085844
50.439778245031086
48.33318765842149
48.33318765842149
48.33318765842149
48.33318765842149
48.33318765842149
48.33318765842149
48.33318765842149
48.33318765842149
48.33318765842149
48.33318765842149
48.33318765842149
48.409495632829724
48.33318765842149
51.70085743959358
48.73268081425213
48.33318765842149
48.602833853681524
48.33318765842149
48.34890649542148
48.57283907169364
52.05806785480402
14.999999999999972
14.999999999999979
15.000000000000034
14.961134496361236
